0|0|0|110101002
0|1|519|110101002
1|0|519|110101004
1|1|0|110101004
2|2|0|110101010
3|3|0|110203003
4|4|0|110401002
4|5|400|110401002
5|4|400|110401004
5|5|0|110401004
5|9|289|110401004
6|6|0|110403001
6|7|583|110403001
7|6|583|110403003
7|7|0|110403003
8|8|0|110403004
9|5|289|110502002
9|9|0|110502002
9|10|587|110502002
9|13|520|110502002
10|9|587|110502003
10|10|0|110502003
10|11|201|110502003
10|12|531|110502003
10|13|235|110502003
11|10|201|110502005
11|11|0|110502005
11|12|330|110502005
11|13|436|110502005
12|10|531|110502008
12|11|330|110502008
12|12|0|110502008
13|9|520|110502010
13|10|235|110502010
13|11|436|110502010
13|13|0|110502010
14|14|0|110606001
14|16|253|110606001
15|15|0|110606002
15|16|370|110606002
16|14|253|110606003
16|15|370|110606003
16|16|0|110606003
17|17|0|120903008
17|18|406|120903008
17|19|304|120903008
18|17|406|120903021
18|18|0|120903021
19|17|304|120903023
19|19|0|120903023
20|20|0|120903038
21|21|0|140202001
21|22|440|140202001
22|21|440|140203001
22|22|0|140203001
22|23|438|140203001
23|22|438|140203002
23|23|0|140203002
23|30|299|140203002
24|24|0|140401001
24|25|414|140401001
24|26|249|140401001
24|29|209|140401001
25|24|414|140401004
25|25|0|140401004
25|28|533|140401004
26|24|249|140401006
26|26|0|140401006
26|29|296|140401006
27|27|0|140401007
27|30|375|140401007
28|25|533|140401008
28|28|0|140401008
29|24|209|140401011
29|26|296|140401011
29|29|0|140401011
30|23|299|140401017
30|27|375|140401017
30|30|0|140401017
31|31|0|140602007
32|32|0|140602008
33|33|0|140603002
33|34|318|140603002
34|33|318|140603006
34|34|0|140603006
35|35|0|140701015
35|36|510|140701015
35|37|587|140701015
35|38|215|140701015
35|39|266|140701015
36|35|510|140701016
36|36|0|140701016
37|35|587|140701018
37|37|0|140701018
37|38|593|140701018
37|39|322|140701018
38|35|215|140701025
38|37|593|140701025
38|38|0|140701025
38|39|272|140701025
39|35|266|140701026
39|37|322|140701026
39|38|272|140701026
39|39|0|140701026
40|40|0|140801002
41|41|0|141301007
42|42|0|150509001
43|43|0|150512005
43|44|355|150512005
44|43|355|150512006
44|44|0|150512006
45|45|0|150606003
46|46|0|150606005
46|47|433|150606005
47|46|433|150606009
47|47|0|150606009
48|48|0|150607001
49|49|0|160301002
50|50|0|160301007
51|51|0|160904001
51|53|384|160904001
52|52|0|160904003
52|53|312|160904003
52|54|347|160904003
53|51|384|160904005
53|52|312|160904005
53|53|0|160904005
54|52|347|160904010
54|54|0|160904010
55|55|0|161102001
56|56|0|161106001
57|57|0|170501011
57|58|435|170501011
58|57|435|170501016
58|58|0|170501016
59|59|0|180106002
60|60|0|180106005
61|61|0|180401002
61|62|350|180401002
62|61|350|180401003
62|62|0|180401003
63|63|0|180401005
64|64|0|180511002
64|65|569|180511002
65|64|569|180511007
65|65|0|180511007
65|66|563|180511007
66|65|563|180512003
66|66|0|180512003
67|67|0|180703003
68|68|0|180803002
68|69|425|180803002
69|68|425|180803003
69|69|0|180803003
70|70|0|180804002
71|71|0|190101002
71|73|90|190101002
71|74|558|190101002
71|75|429|190101002
71|78|441|190101002
71|80|540|190101002
72|72|0|190101003
72|79|317|190101003
72|472|185|190101003
72|473|432|190101003
73|71|90|190101006
73|73|0|190101006
73|74|517|190101006
73|75|375|190101006
73|78|530|190101006
73|80|487|190101006
74|71|558|190101007
74|73|517|190101007
74|74|0|190101007
74|75|428|190101007
74|80|557|190101007
75|71|429|190101009
75|73|375|190101009
75|74|428|190101009
75|75|0|190101009
75|80|151|190101009
75|82|580|190101009
76|76|0|190101011
76|78|564|190101011
76|490|548|190101011
77|77|0|190101012
78|71|441|190101015
78|73|530|190101015
78|76|564|190101015
78|78|0|190101015
79|72|317|190101018
79|79|0|190101018
79|472|501|190101018
80|71|540|190101021
80|73|487|190101021
80|74|557|190101021
80|75|151|190101021
80|80|0|190101021
80|82|491|190101021
80|83|451|190101021
81|81|0|190102001
81|82|528|190102001
81|83|219|190102001
82|75|580|190102002
82|80|491|190102002
82|81|528|190102002
82|82|0|190102002
83|80|451|190102004
83|81|219|190102004
83|83|0|190102004
84|84|0|190103001
85|85|0|190302002
85|86|470|190302002
86|85|470|190302005
86|86|0|190302005
87|87|0|190303005
88|88|0|190704001
89|89|0|190801001
89|90|222|190801001
89|93|374|190801001
90|89|222|190801002
90|90|0|190801002
90|92|507|190801002
90|93|157|190801002
91|91|0|190801003
91|92|348|190801003
92|90|507|190801004
92|91|348|190801004
92|92|0|190801004
92|93|350|190801004
93|89|374|190801005
93|90|157|190801005
93|92|350|190801005
93|93|0|190801005
94|94|0|190802001
95|95|0|190901002
95|97|533|190901002
96|96|0|190901003
96|97|370|190901003
97|95|533|190901004
97|96|370|190901004
97|97|0|190901004
98|98|0|190903005
98|100|347|190903005
98|102|324|190903005
99|99|0|190903007
99|101|327|190903007
100|98|347|190903012
100|100|0|190903012
101|99|327|190903013
101|101|0|190903013
102|98|324|190903016
102|102|0|190903016
103|103|0|191104004
103|104|112|191104004
103|105|215|191104004
104|103|112|191104007
104|104|0|191104007
104|105|279|191104007
105|103|215|191104008
105|104|279|191104008
105|105|0|191104008
106|106|0|200101002
106|375|478|200101002
107|107|0|200101006
107|111|358|200101006
107|112|593|200101006
107|114|231|200101006
108|108|0|200101008
108|109|444|200101008
109|108|444|200101010
109|109|0|200101010
109|110|331|200101010
110|109|331|200101012
110|110|0|200101012
110|111|394|200101012
111|107|358|200101014
111|110|394|200101014
111|111|0|200101014
111|114|589|200101014
112|107|593|200102001
112|112|0|200102001
112|113|179|200102001
112|114|363|200102001
113|112|179|200102002
113|113|0|200102002
113|114|541|200102002
114|107|231|200102003
114|111|589|200102003
114|112|363|200102003
114|113|541|200102003
114|114|0|200102003
115|115|0|200201001
115|116|309|200201001
115|117|185|200201001
115|118|543|200201001
116|115|309|200201003
116|116|0|200201003
116|117|124|200201003
116|118|235|200201003
117|115|185|200201004
117|116|124|200201004
117|117|0|200201004
117|118|358|200201004
118|115|543|200201006
118|116|235|200201006
118|117|358|200201006
118|118|0|200201006
119|119|0|200203002
119|120|523|200203002
119|121|241|200203002
119|122|340|200203002
120|119|523|200203003
120|120|0|200203003
120|121|283|200203003
121|119|241|200203005
121|120|283|200203005
121|121|0|200203005
121|122|580|200203005
122|119|340|200205001
122|121|580|200205001
122|122|0|200205001
123|123|0|200301002
123|124|276|200301002
123|126|556|200301002
124|123|276|200301003
124|124|0|200301003
124|125|571|200301003
124|126|281|200301003
125|124|571|200303001
125|125|0|200303001
125|126|290|200303001
125|127|471|200303001
126|123|556|200303006
126|124|281|200303006
126|125|290|200303006
126|126|0|200303006
127|125|471|200303007
127|127|0|200303007
127|128|502|200303007
128|127|502|200304001
128|128|0|200304001
128|129|447|200304001
129|128|447|200304004
129|129|0|200304004
129|130|536|200304004
129|132|475|200304004
129|164|446|200304004
129|165|404|200304004
130|129|536|200304006
130|130|0|200304006
130|132|459|200304006
130|133|395|200304006
131|131|0|200304007
131|133|211|200304007
131|134|481|200304007
131|136|462|200304007
132|129|475|200304010
132|130|459|200304010
132|132|0|200304010
132|158|569|200304010
132|164|383|200304010
132|165|316|200304010
133|130|395|200304011
133|131|211|200304011
133|133|0|200304011
133|134|332|200304011
133|136|313|200304011
134|131|481|200304012
134|133|332|200304012
134|134|0|200304012
134|136|60|200304012
134|241|505|200304012
134|244|557|200304012
135|135|0|200304014
136|131|462|200304017
136|133|313|200304017
136|134|60|200304017
136|136|0|200304017
136|241|445|200304017
136|244|497|200304017
137|137|0|200402001
137|138|355|200402001
137|140|211|200402001
137|141|264|200402001
137|383|321|200402001
138|137|355|200402002
138|138|0|200402002
138|139|321|200402002
138|140|168|200402002
138|219|576|200402002
139|138|321|200402005
139|139|0|200402005
139|140|477|200402005
139|219|264|200402005
139|223|555|200402005
140|137|211|200402006
140|138|168|200402006
140|139|477|200402006
140|140|0|200402006
140|141|469|200402006
140|383|503|200402006
141|137|264|200402007
141|140|469|200402007
141|141|0|200402007
141|381|583|200402007
141|382|360|200402007
141|383|84|200402007
142|142|0|200403003
142|145|189|200403003
142|150|584|200403003
142|151|278|200403003
142|153|265|200403003
142|174|411|200403003
142|377|408|200403003
143|143|0|200403006
143|144|220|200403006
143|147|570|200403006
143|148|354|200403006
143|152|247|200403006
143|177|575|200403006
143|178|464|200403006
143|182|503|200403006
143|186|554|200403006
143|190|559|200403006
143|323|375|200403006
144|143|220|200403007
144|144|0|200403007
144|146|451|200403007
144|147|362|200403007
144|148|573|200403007
144|152|466|200403007
144|322|595|200403007
144|323|167|200403007
145|142|189|200403009
145|145|0|200403009
145|151|466|200403009
145|153|343|200403009
145|174|222|200403009
145|376|592|200403009
145|377|344|200403009
146|144|451|200403010
146|146|0|200403010
146|147|418|200403010
146|150|439|200403010
146|323|381|200403010
147|143|570|200403013
147|144|362|200403013
147|146|418|200403013
147|147|0|200403013
147|319|464|200403013
147|320|578|200403013
147|322|234|200403013
147|323|195|200403013
148|143|354|200403015
148|144|573|200403015
148|148|0|200403015
148|152|304|200403015
148|175|599|200403015
148|177|502|200403015
148|178|395|200403015
148|182|599|200403015
148|186|481|200403015
148|259|546|200403015
149|149|0|200403017
149|150|263|200403017
149|153|589|200403017
149|182|300|200403017
149|190|394|200403017
149|316|568|200403017
149|345|563|200403017
149|347|350|200403017
150|142|584|200403018
150|146|439|200403018
150|149|263|200403018
150|150|0|200403018
150|153|327|200403018
150|182|562|200403018
150|349|490|200403018
151|142|278|200403019
151|145|466|200403019
151|151|0|200403019
151|153|542|200403019
151|319|563|200403019
152|143|247|200403020
152|144|466|200403020
152|148|304|200403020
152|152|0|200403020
152|175|588|200403020
152|177|328|200403020
152|178|217|200403020
152|182|403|200403020
152|186|308|200403020
152|190|436|200403020
152|316|595|200403020
152|347|592|200403020
153|142|265|200403021
153|145|343|200403021
153|149|589|200403021
153|150|327|200403021
153|151|542|200403021
153|153|0|200403021
153|174|470|200403021
153|377|562|200403021
154|154|0|200404001
154|167|413|200404001
154|168|557|200404001
154|171|315|200404001
154|179|580|200404001
154|181|253|200404001
154|183|476|200404001
154|184|560|200404001
154|185|486|200404001
154|187|408|200404001
154|188|553|200404001
154|189|521|200404001
155|155|0|200404003
155|159|246|200404003
155|160|148|200404003
155|162|437|200404003
155|166|577|200404003
155|170|273|200404003
156|156|0|200404007
156|157|511|200404007
156|158|343|200404007
156|159|473|200404007
156|160|459|200404007
156|161|324|200404007
156|162|536|200404007
156|163|455|200404007
156|164|440|200404007
156|165|497|200404007
156|166|440|200404007
156|168|567|200404007
156|169|206|200404007
156|170|334|200404007
157|156|511|200404008
157|157|0|200404008
157|158|219|200404008
157|163|320|200404008
157|164|526|200404008
157|165|480|200404008
157|168|460|200404008
157|169|356|200404008
157|170|593|200404008
157|179|589|200404008
157|183|569|200404008
158|132|569|200404016
158|156|343|200404016
158|157|219|200404016
158|158|0|200404016
158|161|494|200404016
158|163|389|200404016
158|164|308|200404016
158|165|261|200404016
158|168|544|200404016
158|169|159|200404016
159|155|246|200404018
159|156|473|200404018
159|159|0|200404018
159|160|347|200404018
159|161|513|200404018
159|162|192|200404018
159|166|332|200404018
159|170|472|200404018
160|155|148|200404019
160|156|459|200404019
160|159|347|200404019
160|160|0|200404019
160|162|524|200404019
160|163|515|200404019
160|166|447|200404019
160|170|125|200404019
161|156|324|200404021
161|158|494|200404021
161|159|513|200404021
161|161|0|200404021
161|162|357|200404021
161|164|310|200404021
161|165|368|200404021
161|166|213|200404021
161|169|389|200404021
161|170|582|200404021
162|155|437|200404022
162|156|536|200404022
162|159|192|200404022
162|160|524|200404022
162|161|357|200404022
162|162|0|200404022
162|166|145|200404022
163|156|455|200404026
163|157|320|200404026
163|158|389|200404026
163|160|515|200404026
163|163|0|200404026
163|164|588|200404026
163|168|156|200404026
163|169|355|200404026
163|170|390|200404026
163|179|535|200404026
163|180|562|200404026
163|181|578|200404026
163|183|265|200404026
163|188|489|200404026
163|189|441|200404026
164|129|446|200404027
164|132|383|200404027
164|156|440|200404027
164|157|526|200404027
164|158|308|200404027
164|161|310|200404027
164|163|588|200404027
164|164|0|200404027
164|165|67|200404027
164|166|523|200404027
164|169|234|200404027
165|129|404|200404028
165|132|316|200404028
165|156|497|200404028
165|157|480|200404028
165|158|261|200404028
165|161|368|200404028
165|164|67|200404028
165|165|0|200404028
165|166|580|200404028
165|169|292|200404028
166|155|577|200404029
166|156|440|200404029
166|159|332|200404029
166|160|447|200404029
166|161|213|200404029
166|162|145|200404029
166|164|523|200404029
166|165|580|200404029
166|166|0|200404029
166|169|505|200404029
166|170|572|200404029
167|154|413|200404030
167|167|0|200404030
167|344|495|200404030
168|154|557|200404034
168|156|567|200404034
168|157|460|200404034
168|158|544|200404034
168|163|156|200404034
168|168|0|200404034
168|169|510|200404034
168|170|492|200404034
168|171|477|200404034
168|179|379|200404034
168|180|407|200404034
168|181|422|200404034
168|183|109|200404034
168|188|334|200404034
168|189|286|200404034
169|156|206|200404037
169|157|356|200404037
169|158|159|200404037
169|161|389|200404037
169|163|355|200404037
169|164|234|200404037
169|165|292|200404037
169|166|505|200404037
169|168|510|200404037
169|169|0|200404037
169|170|523|200404037
170|155|273|200404038
170|156|334|200404038
170|157|593|200404038
170|159|472|200404038
170|160|125|200404038
170|161|582|200404038
170|163|390|200404038
170|166|572|200404038
170|168|492|200404038
170|169|523|200404038
170|170|0|200404038
171|154|315|200405001
171|168|477|200405001
171|171|0|200405001
171|175|579|200405001
171|179|324|200405001
171|180|373|200405001
171|181|84|200405001
171|183|375|200405001
171|184|478|200405001
171|185|419|200405001
171|187|220|200405001
171|188|297|200405001
171|189|295|200405001
172|172|0|200405003
172|179|348|200405003
172|180|332|200405003
172|188|388|200405003
172|189|433|200405003
172|231|388|200405003
172|235|403|200405003
172|240|526|200405003
172|257|374|200405003
173|173|0|200405005
173|175|397|200405005
173|176|266|200405005
173|177|338|200405005
173|178|423|200405005
173|185|550|200405005
173|186|349|200405005
173|305|517|200405005
173|311|472|200405005
173|314|522|200405005
173|316|581|200405005
173|317|457|200405005
173|340|379|200405005
173|341|440|200405005
173|342|583|200405005
174|142|411|200405008
174|145|222|200405008
174|153|470|200405008
174|174|0|200405008
174|377|566|200405008
175|148|599|200405013
175|152|588|200405013
175|171|579|200405013
175|173|397|200405013
175|175|0|200405013
175|177|396|200405013
175|178|385|200405013
175|184|545|200405013
175|185|160|200405013
175|186|360|200405013
175|341|402|200405013
176|173|266|200405014
176|176|0|200405014
176|177|428|200405014
176|178|544|200405014
176|182|593|200405014
176|186|461|200405014
176|305|547|200405014
176|307|568|200405014
176|310|446|200405014
176|311|212|200405014
176|314|353|200405014
176|315|494|200405014
176|316|412|200405014
176|317|192|200405014
176|340|380|200405014
176|342|583|200405014
177|143|575|200405020
177|148|502|200405020
177|152|328|200405020
177|173|338|200405020
177|175|396|200405020
177|176|428|200405020
177|177|0|200405020
177|178|126|200405020
177|182|443|200405020
177|184|478|200405020
177|185|546|200405020
177|186|47|200405020
177|190|476|200405020
177|314|523|200405020
177|316|548|200405020
177|341|573|200405020
178|143|464|200405025
178|148|395|200405025
178|152|217|200405025
178|173|423|200405025
178|175|385|200405025
178|176|544|200405025
178|177|126|200405025
178|178|0|200405025
178|182|481|200405025
178|184|447|200405025
178|185|523|200405025
178|186|105|200405025
178|190|514|200405025
178|314|577|200405025
178|341|583|200405025
179|154|580|200405032
179|157|589|200405032
179|163|535|200405032
179|168|379|200405032
179|171|324|200405032
179|172|348|200405032
179|179|0|200405032
179|180|72|200405032
179|181|360|200405032
179|183|277|200405032
179|187|414|200405032
179|188|63|200405032
179|189|116|200405032
179|257|412|200405032
180|163|562|200405036
180|168|407|200405036
180|171|373|200405036
180|172|332|200405036
180|179|72|200405036
180|180|0|200405036
180|181|409|200405036
180|183|305|200405036
180|187|483|200405036
180|188|83|200405036
180|189|122|200405036
180|257|450|200405036
181|154|253|200405039
181|163|578|200405039
181|168|422|200405039
181|171|84|200405039
181|179|360|200405039
181|180|409|200405039
181|181|0|200405039
181|183|336|200405039
181|184|530|200405039
181|185|482|200405039
181|187|272|200405039
181|188|333|200405039
181|189|331|200405039
182|143|503|200405045
182|148|599|200405045
182|149|300|200405045
182|150|562|200405045
182|152|403|200405045
182|176|593|200405045
182|177|443|200405045
182|178|481|200405045
182|182|0|200405045
182|186|489|200405045
182|190|94|200405045
182|307|493|200405045
182|311|559|200405045
182|314|328|200405045
182|316|279|200405045
182|317|540|200405045
182|345|453|200405045
182|347|221|200405045
183|154|476|200405046
183|157|569|200405046
183|163|265|200405046
183|168|109|200405046
183|171|375|200405046
183|179|277|200405046
183|180|305|200405046
183|181|336|200405046
183|183|0|200405046
183|187|520|200405046
183|188|232|200405046
183|189|184|200405046
184|154|560|200405051
184|171|478|200405051
184|175|545|200405051
184|177|478|200405051
184|178|447|200405051
184|181|530|200405051
184|184|0|200405051
184|186|457|200405051
184|187|260|200405051
185|154|486|200405054
185|171|419|200405054
185|173|550|200405054
185|175|160|200405054
185|177|546|200405054
185|178|523|200405054
185|181|482|200405054
185|185|0|200405054
185|186|510|200405054
185|187|481|200405054
185|215|584|200405054
185|341|458|200405054
186|143|554|200405057
186|148|481|200405057
186|152|308|200405057
186|173|349|200405057
186|175|360|200405057
186|176|461|200405057
186|177|47|200405057
186|178|105|200405057
186|182|489|200405057
186|184|457|200405057
186|185|510|200405057
186|186|0|200405057
186|190|522|200405057
186|314|569|200405057
186|316|594|200405057
186|341|558|200405057
187|154|408|200405058
187|171|220|200405058
187|179|414|200405058
187|180|483|200405058
187|181|272|200405058
187|183|520|200405058
187|184|260|200405058
187|185|481|200405058
187|187|0|200405058
187|188|404|200405058
187|189|422|200405058
188|154|553|200405059
188|163|489|200405059
188|168|334|200405059
188|171|297|200405059
188|172|388|200405059
188|179|63|200405059
188|180|83|200405059
188|181|333|200405059
188|183|232|200405059
188|187|404|200405059
188|188|0|200405059
188|189|60|200405059
188|257|451|200405059
189|154|521|200405060
189|163|441|200405060
189|168|286|200405060
189|171|295|200405060
189|172|433|200405060
189|179|116|200405060
189|180|122|200405060
189|181|331|200405060
189|183|184|200405060
189|187|422|200405060
189|188|60|200405060
189|189|0|200405060
189|257|506|200405060
190|143|559|200405061
190|149|394|200405061
190|152|436|200405061
190|177|476|200405061
190|178|514|200405061
190|182|94|200405061
190|186|522|200405061
190|190|0|200405061
190|307|457|200405061
190|311|525|200405061
190|314|287|200405061
190|316|241|200405061
190|317|528|200405061
190|345|467|200405061
190|347|232|200405061
191|191|0|200406003
191|192|224|200406003
191|197|545|200406003
191|198|387|200406003
191|199|403|200406003
191|331|547|200406003
192|191|224|200406004
192|192|0|200406004
192|194|542|200406004
192|197|331|200406004
192|198|173|200406004
193|193|0|200406007
193|195|268|200406007
193|211|445|200406007
193|213|490|200406007
193|215|552|200406007
193|216|582|200406007
193|217|426|200406007
194|192|542|200406009
194|194|0|200406009
194|196|353|200406009
194|197|211|200406009
194|198|370|200406009
194|200|66|200406009
194|250|541|200406009
194|255|333|200406009
195|193|268|200406011
195|195|0|200406011
195|211|375|200406011
195|213|533|200406011
195|214|585|200406011
195|215|285|200406011
195|216|512|200406011
195|217|233|200406011
196|194|353|200406012
196|196|0|200406012
196|197|330|200406012
196|198|489|200406012
196|200|413|200406012
197|191|545|200406016
197|192|331|200406016
197|194|211|200406016
197|196|330|200406016
197|197|0|200406016
197|198|160|200406016
197|200|274|200406016
197|255|543|200406016
198|191|387|200406018
198|192|173|200406018
198|194|370|200406018
198|196|489|200406018
198|197|160|200406018
198|198|0|200406018
198|200|433|200406018
198|329|569|200406018
199|191|403|200406019
199|199|0|200406019
199|264|252|200406019
199|334|387|200406019
200|194|66|200406024
200|196|413|200406024
200|197|274|200406024
200|198|433|200406024
200|200|0|200406024
200|250|551|200406024
200|255|342|200406024
201|201|0|200407001
201|202|237|200407001
201|208|353|200407001
201|210|588|200407001
202|201|237|200407002
202|202|0|200407002
202|205|557|200407002
202|208|242|200407002
202|210|380|200407002
203|203|0|200407003
203|204|332|200407003
203|206|350|200407003
203|256|532|200407003
204|203|332|200407004
204|204|0|200407004
204|226|481|200407004
204|232|334|200407004
204|234|357|200407004
204|235|527|200407004
204|256|218|200407004
204|258|282|200407004
204|262|437|200407004
205|202|557|200407005
205|205|0|200407005
205|208|323|200407005
205|456|496|200407005
206|203|350|200407007
206|206|0|200407007
206|210|535|200407007
207|207|0|200407009
207|209|223|200407009
207|210|293|200407009
207|232|548|200407009
207|236|404|200407009
207|238|575|200407009
207|246|351|200407009
208|201|353|200407010
208|202|242|200407010
208|205|323|200407010
208|208|0|200407010
208|456|519|200407010
209|207|223|200407011
209|209|0|200407011
209|210|515|200407011
209|226|465|200407011
209|230|586|200407011
209|232|326|200407011
209|234|449|200407011
209|236|181|200407011
209|246|128|200407011
210|201|588|200407012
210|202|380|200407012
210|206|535|200407012
210|207|293|200407012
210|209|515|200407012
210|210|0|200407012
210|230|599|200407012
210|233|586|200407012
210|238|506|200407012
211|193|445|200408001
211|195|375|200408001
211|211|0|200408001
211|213|217|200408001
211|214|225|200408001
211|215|391|200408001
211|216|152|200408001
211|217|194|200408001
211|332|528|200408001
211|341|468|200408001
211|342|472|200408001
212|212|0|200408002
212|329|547|200408002
212|332|305|200408002
212|333|561|200408002
212|336|314|200408002
213|193|490|200408003
213|195|533|200408003
213|211|217|200408003
213|213|0|200408003
213|214|442|200408003
213|215|549|200408003
213|216|352|200408003
213|217|353|200408003
213|332|311|200408003
214|195|585|200408005
214|211|225|200408005
214|213|442|200408005
214|214|0|200408005
214|215|545|200408005
214|216|176|200408005
214|217|405|200408005
214|340|526|200408005
214|341|244|200408005
214|342|322|200408005
215|185|584|200408006
215|193|552|200408006
215|195|285|200408006
215|211|391|200408006
215|213|549|200408006
215|214|545|200408006
215|215|0|200408006
215|216|529|200408006
215|217|197|200408006
215|341|419|200408006
216|193|582|200408007
216|195|512|200408007
216|211|152|200408007
216|213|352|200408007
216|214|176|200408007
216|215|529|200408007
216|216|0|200408007
216|217|332|200408007
216|340|524|200408007
216|341|420|200408007
216|342|321|200408007
217|193|426|200408008
217|195|233|200408008
217|211|194|200408008
217|213|353|200408008
217|214|405|200408008
217|215|197|200408008
217|216|332|200408008
217|217|0|200408008
218|218|0|200409005
218|219|532|200409005
218|220|380|200409005
218|221|586|200409005
218|223|399|200409005
219|138|576|200409007
219|139|264|200409007
219|218|532|200409007
219|219|0|200409007
219|223|295|200409007
220|218|380|200409011
220|220|0|200409011
221|218|586|200410001
221|221|0|200410001
221|222|202|200410001
221|223|405|200410001
222|221|202|200410003
222|222|0|200410003
222|223|435|200410003
222|224|423|200410003
222|301|574|200410003
222|326|472|200410003
222|339|490|200410003
223|139|555|200410004
223|218|399|200410004
223|219|295|200410004
223|221|405|200410004
223|222|435|200410004
223|223|0|200410004
224|222|423|200410005
224|224|0|200410005
224|294|501|200410005
224|301|248|200410005
224|305|258|200410005
224|311|575|200410005
224|315|324|200410005
224|338|380|200410005
224|339|246|200410005
224|343|468|200410005
225|225|0|200411001
225|264|403|200411001
225|334|507|200411001
226|204|481|200412001
226|209|465|200412001
226|226|0|200412001
226|227|201|200412001
226|229|416|200412001
226|231|471|200412001
226|232|281|200412001
226|234|124|200412001
226|235|365|200412001
226|236|306|200412001
226|237|348|200412001
226|240|358|200412001
226|246|451|200412001
226|256|511|200412001
226|258|336|200412001
227|226|201|200412003
227|227|0|200412003
227|229|216|200412003
227|231|371|200412003
227|232|478|200412003
227|234|324|200412003
227|235|288|200412003
227|236|497|200412003
227|237|245|200412003
227|240|158|200412003
227|258|534|200412003
228|228|0|200412004
228|230|411|200412004
228|233|556|200412004
228|238|484|200412004
228|239|330|200412004
228|241|454|200412004
228|242|288|200412004
228|243|186|200412004
228|244|376|200412004
229|226|416|200412005
229|227|216|200412005
229|229|0|200412005
229|231|462|200412005
229|234|539|200412005
229|235|459|200412005
229|237|231|200412005
229|240|234|200412005
229|245|519|200412005
230|209|586|200412006
230|210|599|200412006
230|228|411|200412006
230|230|0|200412006
230|233|286|200412006
230|238|97|200412006
230|239|363|200412006
230|241|587|200412006
230|242|135|200412006
230|243|514|200412006
230|244|497|200412006
230|246|458|200412006
231|172|388|200412007
231|226|471|200412007
231|227|371|200412007
231|229|462|200412007
231|231|0|200412007
231|234|538|200412007
231|235|134|200412007
231|237|568|200412007
231|240|229|200412007
231|258|379|200412007
232|204|334|200412009
232|207|548|200412009
232|209|326|200412009
232|226|281|200412009
232|227|478|200412009
232|232|0|200412009
232|234|158|200412009
232|235|583|200412009
232|236|290|200412009
232|237|564|200412009
232|246|312|200412009
232|256|374|200412009
232|258|386|200412009
233|210|586|200412010
233|228|556|200412010
233|230|286|200412010
233|233|0|200412010
233|238|189|200412010
233|239|250|200412010
233|242|420|200412010
234|204|357|200412011
234|209|449|200412011
234|226|124|200412011
234|227|324|200412011
234|229|539|200412011
234|231|538|200412011
234|232|158|200412011
234|234|0|200412011
234|235|431|200412011
234|236|268|200412011
234|237|471|200412011
234|240|481|200412011
234|246|435|200412011
234|256|387|200412011
234|258|239|200412011
235|172|403|200412012
235|204|527|200412012
235|226|365|200412012
235|227|288|200412012
235|229|459|200412012
235|231|134|200412012
235|232|583|200412012
235|234|431|200412012
235|235|0|200412012
235|237|513|200412012
235|240|225|200412012
235|256|547|200412012
235|258|246|200412012
236|207|404|200412013
236|209|181|200412013
236|226|306|200412013
236|227|497|200412013
236|232|290|200412013
236|234|268|200412013
236|236|0|200412013
236|237|481|200412013
236|246|167|200412013
236|258|496|200412013
237|226|348|200412016
237|227|245|200412016
237|229|231|200412016
237|231|568|200412016
237|232|564|200412016
237|234|471|200412016
237|235|513|200412016
237|236|481|200412016
237|237|0|200412016
237|240|339|200412016
238|207|575|200412017
238|210|506|200412017
238|228|484|200412017
238|230|97|200412017
238|233|189|200412017
238|238|0|200412017
238|239|420|200412017
238|242|231|200412017
238|243|595|200412017
238|244|577|200412017
238|246|519|200412017
239|228|330|200412018
239|230|363|200412018
239|233|250|200412018
239|238|420|200412018
239|239|0|200412018
239|242|494|200412018
239|243|515|200412018
240|172|526|200412020
240|226|358|200412020
240|227|158|200412020
240|229|234|200412020
240|231|229|200412020
240|234|481|200412020
240|235|225|200412020
240|237|339|200412020
240|240|0|200412020
240|258|471|200412020
241|134|505|200412021
241|136|445|200412021
241|228|454|200412021
241|230|587|200412021
241|241|0|200412021
241|242|453|200412021
241|243|281|200412021
241|244|91|200412021
241|245|355|200412021
242|228|288|200412022
242|230|135|200412022
242|233|420|200412022
242|238|231|200412022
242|239|494|200412022
242|241|453|200412022
242|242|0|200412022
242|243|380|200412022
242|244|362|200412022
242|246|556|200412022
243|228|186|200412023
243|230|514|200412023
243|238|595|200412023
243|239|515|200412023
243|241|281|200412023
243|242|380|200412023
243|243|0|200412023
243|244|200|200412023
244|134|557|200412024
244|136|497|200412024
244|228|376|200412024
244|230|497|200412024
244|238|577|200412024
244|241|91|200412024
244|242|362|200412024
244|243|200|200412024
244|244|0|200412024
244|245|412|200412024
245|229|519|200412025
245|241|355|200412025
245|244|412|200412025
245|245|0|200412025
246|207|351|200412028
246|209|128|200412028
246|226|451|200412028
246|230|458|200412028
246|232|312|200412028
246|234|435|200412028
246|236|167|200412028
246|238|519|200412028
246|242|556|200412028
246|246|0|200412028
247|247|0|200412031
247|299|476|200412031
248|248|0|200414001
248|253|387|200414001
248|344|380|200414001
249|249|0|200414003
249|250|379|200414003
249|251|344|200414003
249|252|193|200414003
249|254|242|200414003
249|255|497|200414003
250|194|541|200414004
250|200|551|200414004
250|249|379|200414004
250|250|0|200414004
250|251|403|200414004
250|252|187|200414004
250|253|266|200414004
250|255|209|200414004
251|249|344|200414006
251|250|403|200414006
251|251|0|200414006
251|252|498|200414006
251|254|339|200414006
251|255|296|200414006
252|249|193|200414007
252|250|187|200414007
252|251|498|200414007
252|252|0|200414007
252|253|453|200414007
252|254|434|200414007
252|255|304|200414007
253|248|387|200414008
253|250|266|200414008
253|252|453|200414008
253|253|0|200414008
253|255|456|200414008
254|249|242|200414009
254|251|339|200414009
254|252|434|200414009
254|254|0|200414009
255|194|333|200414011
255|197|543|200414011
255|200|342|200414011
255|249|497|200414011
255|250|209|200414011
255|251|296|200414011
255|252|304|200414011
255|253|456|200414011
255|255|0|200414011
256|203|532|200415002
256|204|218|200415002
256|226|511|200415002
256|232|374|200415002
256|234|387|200415002
256|235|547|200415002
256|256|0|200415002
256|257|557|200415002
256|258|302|200415002
256|259|398|200415002
256|261|499|200415002
256|262|228|200415002
257|172|374|200415003
257|179|412|200415003
257|180|450|200415003
257|188|451|200415003
257|189|506|200415003
257|256|557|200415003
257|257|0|200415003
257|259|581|200415003
257|262|362|200415003
258|204|282|200415004
258|226|336|200415004
258|227|534|200415004
258|231|379|200415004
258|232|386|200415004
258|234|239|200415004
258|235|246|200415004
258|236|496|200415004
258|240|471|200415004
258|256|302|200415004
258|258|0|200415004
258|262|530|200415004
259|148|546|200415005
259|256|398|200415005
259|257|581|200415005
259|259|0|200415005
259|262|356|200415005
260|260|0|200415009
260|261|297|200415009
260|318|583|200415009
260|320|342|200415009
261|256|499|200415017
261|260|297|200415017
261|261|0|200415017
261|262|474|200415017
262|204|437|200415019
262|256|228|200415019
262|257|362|200415019
262|258|530|200415019
262|259|356|200415019
262|261|474|200415019
262|262|0|200415019
263|263|0|200416001
264|199|252|200416002
264|225|403|200416002
264|264|0|200416002
264|331|577|200416002
264|334|135|200416002
265|265|0|200417002
265|266|593|200417002
265|269|359|200417002
265|270|565|200417002
265|271|249|200417002
265|275|450|200417002
265|276|389|200417002
265|285|426|200417002
265|286|444|200417002
265|289|260|200417002
265|290|288|200417002
265|330|497|200417002
266|265|593|200417004
266|266|0|200417004
266|269|529|200417004
266|270|145|200417004
266|273|374|200417004
266|276|341|200417004
266|277|592|200417004
266|278|291|200417004
266|279|575|200417004
266|283|367|200417004
266|284|532|200417004
266|285|177|200417004
266|287|489|200417004
266|288|532|200417004
266|289|358|200417004
266|293|555|200417004
266|295|439|200417004
266|298|66|200417004
266|352|232|200417004
267|267|0|200417005
267|271|542|200417005
267|274|374|200417005
267|275|337|200417005
267|292|326|200417005
268|268|0|200417007
268|282|328|200417007
268|291|327|200417007
268|296|264|200417007
269|265|359|200417008
269|266|529|200417008
269|269|0|200417008
269|271|596|200417008
269|276|188|200417008
269|284|536|200417008
269|285|574|200417008
269|289|356|200417008
269|290|465|200417008
269|298|532|200417008
269|329|482|200417008
269|330|140|200417008
269|333|359|200417008
269|352|390|200417008
270|265|565|200417012
270|266|145|200417012
270|270|0|200417012
270|273|516|200417012
270|276|485|200417012
270|277|448|200417012
270|278|147|200417012
270|279|431|200417012
270|283|222|200417012
270|285|140|200417012
270|286|469|200417012
270|289|498|200417012
270|295|580|200417012
270|298|207|200417012
270|352|376|200417012
271|265|249|200417013
271|267|542|200417013
271|269|596|200417013
271|271|0|200417013
271|272|534|200417013
271|275|206|200417013
271|286|453|200417013
271|289|507|200417013
271|290|212|200417013
271|292|580|200417013
272|271|534|200417014
272|272|0|200417014
272|280|372|200417014
272|290|450|200417014
272|292|410|200417014
273|266|374|200417015
273|270|516|200417015
273|273|0|200417015
273|276|539|200417015
273|278|539|200417015
273|284|429|200417015
273|285|548|200417015
273|287|391|200417015
273|288|409|200417015
273|293|443|200417015
273|295|341|200417015
273|298|315|200417015
273|352|274|200417015
274|267|374|200417016
274|274|0|200417016
274|281|508|200417016
274|292|351|200417016
275|265|450|200417019
275|267|337|200417019
275|271|206|200417019
275|275|0|200417019
275|286|335|200417019
275|290|402|200417019
275|297|551|200417019
276|265|389|200417020
276|266|341|200417020
276|269|188|200417020
276|270|485|200417020
276|273|539|200417020
276|276|0|200417020
276|284|411|200417020
276|285|415|200417020
276|289|197|200417020
276|290|494|200417020
276|298|344|200417020
276|330|328|200417020
276|333|547|200417020
276|352|265|200417020
277|266|592|200417022
277|270|448|200417022
277|277|0|200417022
277|278|463|200417022
277|279|220|200417022
277|283|357|200417022
277|285|579|200417022
277|286|533|200417022
277|288|589|200417022
277|297|342|200417022
278|266|291|200417023
278|270|147|200417023
278|273|539|200417023
278|277|463|200417023
278|278|0|200417023
278|279|317|200417023
278|283|108|200417023
278|285|286|200417023
278|286|567|200417023
278|287|519|200417023
278|288|550|200417023
278|295|498|200417023
278|298|285|200417023
278|352|505|200417023
279|266|575|200417025
279|270|431|200417025
279|277|220|200417025
279|278|317|200417025
279|279|0|200417025
279|283|211|200417025
279|285|570|200417025
279|287|392|200417025
279|288|370|200417025
279|293|459|200417025
279|295|463|200417025
279|297|561|200417025
279|298|587|200417025
280|272|372|200417029
280|280|0|200417029
280|282|364|200417029
280|292|477|200417029
281|274|508|200417030
281|281|0|200417030
282|268|328|200417031
282|280|364|200417031
282|282|0|200417031
282|291|360|200417031
282|296|301|200417031
283|266|367|200417033
283|270|222|200417033
283|277|357|200417033
283|278|108|200417033
283|279|211|200417033
283|283|0|200417033
283|285|362|200417033
283|286|542|200417033
283|287|423|200417033
283|288|454|200417033
283|293|506|200417033
283|295|499|200417033
283|298|378|200417033
283|352|592|200417033
284|266|532|200417034
284|269|536|200417034
284|273|429|200417034
284|276|411|200417034
284|284|0|200417034
284|289|520|200417034
284|298|535|200417034
284|352|303|200417034
285|265|426|200417036
285|266|177|200417036
285|269|574|200417036
285|270|140|200417036
285|273|548|200417036
285|276|415|200417036
285|277|579|200417036
285|278|286|200417036
285|279|570|200417036
285|283|362|200417036
285|285|0|200417036
285|286|510|200417036
285|289|358|200417036
285|298|240|200417036
285|352|397|200417036
286|265|444|200417039
286|270|469|200417039
286|271|453|200417039
286|275|335|200417039
286|277|533|200417039
286|278|567|200417039
286|283|542|200417039
286|285|510|200417039
286|286|0|200417039
286|289|568|200417039
286|297|275|200417039
287|266|489|200417040
287|273|391|200417040
287|278|519|200417040
287|279|392|200417040
287|283|423|200417040
287|287|0|200417040
287|288|92|200417040
287|293|90|200417040
287|295|84|200417040
287|298|430|200417040
288|266|532|200417044
288|273|409|200417044
288|277|589|200417044
288|278|550|200417044
288|279|370|200417044
288|283|454|200417044
288|287|92|200417044
288|288|0|200417044
288|293|90|200417044
288|295|94|200417044
288|298|473|200417044
289|265|260|200417045
289|266|358|200417045
289|269|356|200417045
289|270|498|200417045
289|271|507|200417045
289|276|197|200417045
289|284|520|200417045
289|285|358|200417045
289|286|568|200417045
289|289|0|200417045
289|290|395|200417045
289|298|361|200417045
289|330|496|200417045
289|352|373|200417045
290|265|288|200417046
290|269|465|200417046
290|271|212|200417046
290|272|450|200417046
290|275|402|200417046
290|276|494|200417046
290|289|395|200417046
290|290|0|200417046
290|333|519|200417046
291|268|327|200417047
291|282|360|200417047
291|291|0|200417047
291|294|395|200417047
291|296|64|200417047
291|338|492|200417047
291|340|436|200417047
291|342|593|200417047
291|343|404|200417047
292|267|326|200417048
292|271|580|200417048
292|272|410|200417048
292|274|351|200417048
292|280|477|200417048
292|292|0|200417048
293|266|555|200417050
293|273|443|200417050
293|279|459|200417050
293|283|506|200417050
293|287|90|200417050
293|288|90|200417050
293|293|0|200417050
293|295|128|200417050
293|298|496|200417050
294|224|501|200417051
294|291|395|200417051
294|294|0|200417051
294|296|375|200417051
294|301|482|200417051
294|305|493|200417051
294|315|559|200417051
294|338|121|200417051
294|339|289|200417051
294|340|288|200417051
294|342|491|200417051
294|343|33|200417051
295|266|439|200417052
295|270|580|200417052
295|273|341|200417052
295|278|498|200417052
295|279|463|200417052
295|283|499|200417052
295|287|84|200417052
295|288|94|200417052
295|293|128|200417052
295|295|0|200417052
295|298|379|200417052
296|268|264|200417058
296|282|301|200417058
296|291|64|200417058
296|294|375|200417058
296|296|0|200417058
296|338|471|200417058
296|340|456|200417058
296|343|384|200417058
297|275|551|200417060
297|277|342|200417060
297|279|561|200417060
297|286|275|200417060
297|297|0|200417060
298|266|66|200417066
298|269|532|200417066
298|270|207|200417066
298|273|315|200417066
298|276|344|200417066
298|278|285|200417066
298|279|587|200417066
298|283|378|200417066
298|284|535|200417066
298|285|240|200417066
298|287|430|200417066
298|288|473|200417066
298|289|361|200417066
298|293|496|200417066
298|295|379|200417066
298|298|0|200417066
298|352|234|200417066
299|247|476|200418001
299|299|0|200418001
300|300|0|200418003
301|222|574|200419001
301|224|248|200419001
301|294|482|200419001
301|301|0|200419001
301|305|208|200419001
301|310|583|200419001
301|311|492|200419001
301|313|544|200419001
301|315|241|200419001
301|317|528|200419001
301|338|361|200419001
301|339|244|200419001
301|343|449|200419001
302|302|0|200419002
302|303|371|200419002
302|304|337|200419002
302|306|299|200419002
302|307|445|200419002
302|308|486|200419002
302|309|535|200419002
302|310|190|200419002
302|311|428|200419002
302|312|176|200419002
302|313|302|200419002
302|315|581|200419002
302|317|462|200419002
303|302|371|200419007
303|303|0|200419007
303|304|383|200419007
303|308|531|200419007
303|309|406|200419007
303|310|537|200419007
303|312|196|200419007
303|313|152|200419007
303|326|539|200419007
303|327|545|200419007
303|328|492|200419007
304|302|337|200419008
304|303|383|200419008
304|304|0|200419008
304|306|348|200419008
304|307|494|200419008
304|308|186|200419008
304|309|199|200419008
304|310|493|200419008
304|312|192|200419008
304|313|380|200419008
305|173|517|200419013
305|176|547|200419013
305|224|258|200419013
305|294|493|200419013
305|301|208|200419013
305|305|0|200419013
305|311|462|200419013
305|315|262|200419013
305|317|498|200419013
305|338|372|200419013
305|339|254|200419013
305|340|467|200419013
305|343|460|200419013
306|302|299|200419014
306|304|348|200419014
306|306|0|200419014
306|307|153|200419014
306|308|224|200419014
306|309|546|200419014
306|310|429|200419014
306|311|557|200419014
306|312|473|200419014
306|313|575|200419014
306|314|368|200419014
306|316|375|200419014
306|317|560|200419014
306|345|399|200419014
306|346|508|200419014
306|347|591|200419014
306|349|557|200419014
307|176|568|200419019
307|182|493|200419019
307|190|457|200419019
307|302|445|200419019
307|304|494|200419019
307|306|153|200419019
307|307|0|200419019
307|308|377|200419019
307|310|277|200419019
307|311|405|200419019
307|314|216|200419019
307|316|223|200419019
307|317|408|200419019
307|345|379|200419019
307|346|568|200419019
307|347|549|200419019
308|302|486|200419020
308|303|531|200419020
308|304|186|200419020
308|306|224|200419020
308|307|377|200419020
308|308|0|200419020
308|309|385|200419020
308|312|340|200419020
308|313|528|200419020
308|314|592|200419020
308|316|599|200419020
308|345|516|200419020
308|346|509|200419020
308|349|521|200419020
309|302|535|200419022
309|303|406|200419022
309|304|199|200419022
309|306|546|200419022
309|308|385|200419022
309|309|0|200419022
309|312|390|200419022
309|313|558|200419022
309|327|562|200419022
310|176|446|200419025
310|301|583|200419025
310|302|190|200419025
310|303|537|200419025
310|304|493|200419025
310|306|429|200419025
310|307|277|200419025
310|310|0|200419025
310|311|242|200419025
310|312|359|200419025
310|313|386|200419025
310|314|462|200419025
310|315|403|200419025
310|316|476|200419025
310|317|276|200419025
311|173|472|200419026
311|176|212|200419026
311|182|559|200419026
311|190|525|200419026
311|224|575|200419026
311|301|492|200419026
311|302|428|200419026
311|305|462|200419026
311|306|557|200419026
311|307|405|200419026
311|310|242|200419026
311|311|0|200419026
311|312|596|200419026
311|313|579|200419026
311|314|278|200419026
311|315|312|200419026
311|316|292|200419026
311|317|39|200419026
311|339|571|200419026
311|340|585|200419026
312|302|176|200419034
312|303|196|200419034
312|304|192|200419034
312|306|473|200419034
312|308|340|200419034
312|309|390|200419034
312|310|359|200419034
312|311|596|200419034
312|312|0|200419034
312|313|189|200419034
313|301|544|200419035
313|302|302|200419035
313|303|152|200419035
313|304|380|200419035
313|306|575|200419035
313|308|528|200419035
313|309|558|200419035
313|310|386|200419035
313|311|579|200419035
313|312|189|200419035
313|313|0|200419035
313|315|595|200419035
313|328|585|200419035
314|173|522|200419036
314|176|353|200419036
314|177|523|200419036
314|178|577|200419036
314|182|328|200419036
314|186|569|200419036
314|190|287|200419036
314|306|368|200419036
314|307|216|200419036
314|308|592|200419036
314|310|462|200419036
314|311|278|200419036
314|314|0|200419036
314|315|543|200419036
314|316|60|200419036
314|317|281|200419036
314|345|595|200419036
314|347|393|200419036
315|176|494|200419037
315|224|324|200419037
315|294|559|200419037
315|301|241|200419037
315|302|581|200419037
315|305|262|200419037
315|310|403|200419037
315|311|312|200419037
315|313|595|200419037
315|314|543|200419037
315|315|0|200419037
315|316|557|200419037
315|317|348|200419037
315|338|438|200419037
315|339|320|200419037
315|343|526|200419037
316|149|568|200419039
316|152|595|200419039
316|173|581|200419039
316|176|412|200419039
316|177|548|200419039
316|182|279|200419039
316|186|594|200419039
316|190|241|200419039
316|306|375|200419039
316|307|223|200419039
316|308|599|200419039
316|310|476|200419039
316|311|292|200419039
316|314|60|200419039
316|315|557|200419039
316|316|0|200419039
316|317|295|200419039
316|345|539|200419039
316|347|335|200419039
317|173|457|200419041
317|176|192|200419041
317|182|540|200419041
317|190|528|200419041
317|301|528|200419041
317|302|462|200419041
317|305|498|200419041
317|306|560|200419041
317|307|408|200419041
317|310|276|200419041
317|311|39|200419041
317|314|281|200419041
317|315|348|200419041
317|316|295|200419041
317|317|0|200419041
317|340|570|200419041
318|260|583|200420002
318|318|0|200420002
318|319|286|200420002
318|320|241|200420002
318|322|524|200420002
318|324|426|200420002
318|325|371|200420002
319|147|464|200420008
319|151|563|200420008
319|318|286|200420008
319|319|0|200420008
319|320|466|200420008
319|322|238|200420008
319|324|521|200420008
319|325|305|200420008
320|147|578|200420009
320|260|342|200420009
320|318|241|200420009
320|319|466|200420009
320|320|0|200420009
320|322|501|200420009
320|325|593|200420009
321|321|0|200420010
321|324|362|200420010
321|325|578|200420010
322|144|595|200420011
322|147|234|200420011
322|318|524|200420011
322|319|238|200420011
322|320|501|200420011
322|322|0|200420011
322|323|428|200420011
322|325|543|200420011
323|143|375|200420012
323|144|167|200420012
323|146|381|200420012
323|147|195|200420012
323|322|428|200420012
323|323|0|200420012
324|318|426|200420013
324|319|521|200420013
324|321|362|200420013
324|324|0|200420013
324|325|216|200420013
325|318|371|200420014
325|319|305|200420014
325|320|593|200420014
325|321|578|200420014
325|322|543|200420014
325|324|216|200420014
325|325|0|200420014
326|222|472|200421003
326|303|539|200421003
326|326|0|200421003
326|327|530|200421003
326|328|318|200421003
327|303|545|200421004
327|309|562|200421004
327|326|530|200421004
327|327|0|200421004
327|328|212|200421004
327|351|343|200421004
328|303|492|200421006
328|313|585|200421006
328|326|318|200421006
328|327|212|200421006
328|328|0|200421006
328|351|552|200421006
329|198|569|200422001
329|212|547|200422001
329|269|482|200422001
329|329|0|200422001
329|330|342|200422001
329|333|124|200422001
329|335|183|200422001
329|336|234|200422001
329|337|460|200422001
330|265|497|200422002
330|269|140|200422002
330|276|328|200422002
330|289|496|200422002
330|329|342|200422002
330|330|0|200422002
330|333|219|200422002
330|335|525|200422002
330|336|467|200422002
330|352|508|200422002
331|191|547|200422003
331|264|577|200422003
331|331|0|200422003
331|334|442|200422003
331|335|500|200422003
331|337|223|200422003
332|211|528|200422005
332|212|305|200422005
332|213|311|200422005
332|332|0|200422005
333|212|561|200422006
333|269|359|200422006
333|276|547|200422006
333|290|519|200422006
333|329|124|200422006
333|330|219|200422006
333|333|0|200422006
333|335|306|200422006
333|336|248|200422006
333|337|583|200422006
334|199|387|200422007
334|225|507|200422007
334|264|135|200422007
334|331|442|200422007
334|334|0|200422007
335|329|183|200422008
335|330|525|200422008
335|331|500|200422008
335|333|306|200422008
335|335|0|200422008
335|336|417|200422008
335|337|278|200422008
336|212|314|200422009
336|329|234|200422009
336|330|467|200422009
336|333|248|200422009
336|335|417|200422009
336|336|0|200422009
337|329|460|200422011
337|331|223|200422011
337|333|583|200422011
337|335|278|200422011
337|337|0|200422011
338|224|380|200423001
338|291|492|200423001
338|294|121|200423001
338|296|471|200423001
338|301|361|200423001
338|305|372|200423001
338|315|438|200423001
338|338|0|200423001
338|339|168|200423001
338|340|345|200423001
338|342|548|200423001
338|343|88|200423001
339|222|490|200423002
339|224|246|200423002
339|294|289|200423002
339|301|244|200423002
339|305|254|200423002
339|311|571|200423002
339|315|320|200423002
339|338|168|200423002
339|339|0|200423002
339|340|512|200423002
339|343|256|200423002
340|173|379|200423003
340|176|380|200423003
340|214|526|200423003
340|216|524|200423003
340|291|436|200423003
340|294|288|200423003
340|296|456|200423003
340|305|467|200423003
340|311|585|200423003
340|317|570|200423003
340|338|345|200423003
340|339|512|200423003
340|340|0|200423003
340|341|502|200423003
340|342|204|200423003
340|343|257|200423003
341|173|440|200423004
341|175|402|200423004
341|177|573|200423004
341|178|583|200423004
341|185|458|200423004
341|186|558|200423004
341|211|468|200423004
341|214|244|200423004
341|215|419|200423004
341|216|420|200423004
341|340|502|200423004
341|341|0|200423004
341|342|493|200423004
342|173|583|200423005
342|176|583|200423005
342|211|472|200423005
342|214|322|200423005
342|216|321|200423005
342|291|593|200423005
342|294|491|200423005
342|338|548|200423005
342|340|204|200423005
342|341|493|200423005
342|342|0|200423005
342|343|460|200423005
343|224|468|200423007
343|291|404|200423007
343|294|33|200423007
343|296|384|200423007
343|301|449|200423007
343|305|460|200423007
343|315|526|200423007
343|338|88|200423007
343|339|256|200423007
343|340|257|200423007
343|342|460|200423007
343|343|0|200423007
344|167|495|200424001
344|248|380|200424001
344|344|0|200424001
345|149|563|200425003
345|182|453|200425003
345|190|467|200425003
345|306|399|200425003
345|307|379|200425003
345|308|516|200425003
345|314|595|200425003
345|316|539|200425003
345|345|0|200425003
345|346|189|200425003
345|347|239|200425003
345|349|384|200425003
346|306|508|200425004
346|307|568|200425004
346|308|509|200425004
346|345|189|200425004
346|346|0|200425004
346|347|428|200425004
346|349|196|200425004
346|350|473|200425004
347|149|350|200425005
347|152|592|200425005
347|182|221|200425005
347|190|232|200425005
347|306|591|200425005
347|307|549|200425005
347|314|393|200425005
347|316|335|200425005
347|345|239|200425005
347|346|428|200425005
347|347|0|200425005
348|348|0|200425006
348|349|547|200425006
348|350|260|200425006
348|351|400|200425006
349|150|490|200425010
349|306|557|200425010
349|308|521|200425010
349|345|384|200425010
349|346|196|200425010
349|348|547|200425010
349|349|0|200425010
349|350|287|200425010
350|346|473|200425011
350|348|260|200425011
350|349|287|200425011
350|350|0|200425011
351|327|343|200425012
351|328|552|200425012
351|348|400|200425012
351|351|0|200425012
352|266|232|200426002
352|269|390|200426002
352|270|376|200426002
352|273|274|200426002
352|276|265|200426002
352|278|505|200426002
352|283|592|200426002
352|284|303|200426002
352|285|397|200426002
352|289|373|200426002
352|298|234|200426002
352|330|508|200426002
352|352|0|200426002
353|353|0|200501001
353|359|428|200501001
353|364|388|200501001
354|354|0|200501004
354|364|486|200501004
355|355|0|200504001
355|356|560|200504001
356|355|560|200504006
356|356|0|200504006
356|357|265|200504006
356|358|493|200504006
357|356|265|200507002
357|357|0|200507002
357|358|228|200507002
358|356|493|200507003
358|357|228|200507003
358|358|0|200507003
359|353|428|200508001
359|359|0|200508001
360|360|0|200508003
360|361|559|200508003
360|362|498|200508003
360|363|487|200508003
361|360|559|200508007
361|361|0|200508007
361|362|235|200508007
361|363|73|200508007
362|360|498|200508008
362|361|235|200508008
362|362|0|200508008
362|363|220|200508008
363|360|487|200508011
363|361|73|200508011
363|362|220|200508011
363|363|0|200508011
364|353|388|200508012
364|354|486|200508012
364|364|0|200508012
365|365|0|200601005
366|366|0|200601015
367|367|0|200801001
367|369|356|200801001
367|370|396|200801001
368|368|0|200801003
368|369|530|200801003
369|367|356|200801005
369|368|530|200801005
369|369|0|200801005
370|367|396|200802001
370|370|0|200802001
370|371|496|200802001
370|372|223|200802001
371|370|496|200802002
371|371|0|200802002
371|372|273|200802002
371|384|445|200802002
371|385|199|200802002
372|370|223|200802004
372|371|273|200802004
372|372|0|200802004
372|385|472|200802004
373|373|0|200901003
373|374|541|200901003
373|376|373|200901003
373|380|222|200901003
374|373|541|200901004
374|374|0|200901004
374|378|462|200901004
374|379|244|200901004
374|380|320|200901004
375|106|478|200901011
375|375|0|200901011
375|378|227|200901011
375|379|445|200901011
376|145|592|200901014
376|373|373|200901014
376|376|0|200901014
376|377|248|200901014
376|380|595|200901014
377|142|408|200901015
377|145|344|200901015
377|153|562|200901015
377|174|566|200901015
377|376|248|200901015
377|377|0|200901015
378|374|462|200901016
378|375|227|200901016
378|378|0|200901016
378|379|218|200901016
379|374|244|200901017
379|375|445|200901017
379|378|218|200901017
379|379|0|200901017
379|380|563|200901017
380|373|222|200901020
380|374|320|200901020
380|376|595|200901020
380|379|563|200901020
380|380|0|200901020
381|141|583|201001002
381|381|0|201001002
381|382|251|201001002
381|383|546|201001002
381|387|365|201001002
382|141|360|201001003
382|381|251|201001003
382|382|0|201001003
382|383|305|201001003
382|387|589|201001003
383|137|321|201001004
383|140|503|201001004
383|141|84|201001004
383|381|546|201001004
383|382|305|201001004
383|383|0|201001004
384|371|445|201003002
384|384|0|201003002
384|385|246|201003002
384|386|305|201003002
385|371|199|201003003
385|372|472|201003003
385|384|246|201003003
385|385|0|201003003
385|386|551|201003003
386|384|305|201003004
386|385|551|201003004
386|386|0|201003004
386|387|303|201003004
387|381|365|201004002
387|382|589|201004002
387|386|303|201004002
387|387|0|201004002
388|388|0|201103001
389|389|0|201103004
390|390|0|210502001
391|391|0|210503002
391|392|437|210503002
392|391|437|210503003
392|392|0|210503003
393|393|0|210701003
393|395|471|210701003
394|394|0|210701006
395|393|471|210701008
395|395|0|210701008
396|396|0|210803005
396|397|232|210803005
397|396|232|210803006
397|397|0|210803006
398|398|0|220102005
398|399|431|220102005
398|400|84|220102005
399|398|431|220102006
399|399|0|220102006
399|400|389|220102006
400|398|84|220102018
400|399|389|220102018
400|400|0|220102018
401|401|0|220201001
401|402|584|220201001
401|404|486|220201001
401|405|303|220201001
402|401|584|220201003
402|402|0|220201003
402|403|244|220201003
402|404|238|220201003
403|402|244|220201019
403|403|0|220201019
403|404|481|220201019
404|401|486|220201053
404|402|238|220201053
404|403|481|220201053
404|404|0|220201053
405|401|303|220201057
405|405|0|220201057
405|406|343|220201057
405|407|381|220201057
406|405|343|220203009
406|406|0|220203009
406|407|60|220203009
407|405|381|220203011
407|406|60|220203011
407|407|0|220203011
408|408|0|220204003
409|409|0|220301004
409|411|526|220301004
409|412|403|220301004
409|415|332|220301004
409|416|280|220301004
409|417|480|220301004
409|419|452|220301004
410|410|0|220301022
410|411|447|220301022
410|412|339|220301022
410|413|170|220301022
410|414|462|220301022
410|416|475|220301022
410|417|232|220301022
410|418|143|220301022
410|419|459|220301022
411|409|526|220301024
411|410|447|220301024
411|411|0|220301024
411|412|240|220301024
411|413|593|220301024
411|416|247|220301024
411|417|215|220301024
411|418|437|220301024
411|419|158|220301024
412|409|403|220301029
412|410|339|220301029
412|411|240|220301029
412|412|0|220301029
412|413|508|220301029
412|416|183|220301029
412|417|108|220301029
412|418|255|220301029
412|419|210|220301029
413|410|170|220301030
413|411|593|220301030
413|412|508|220301030
413|413|0|220301030
413|414|292|220301030
413|417|401|220301030
413|418|313|220301030
414|410|462|220301031
414|413|292|220301031
414|414|0|220301031
415|409|332|220301032
415|415|0|220301032
416|409|280|220301033
416|410|475|220301033
416|411|247|220301033
416|412|183|220301033
416|416|0|220301033
416|417|243|220301033
416|418|424|220301033
416|419|173|220301033
417|409|480|220301036
417|410|232|220301036
417|411|215|220301036
417|412|108|220301036
417|413|401|220301036
417|416|243|220301036
417|417|0|220301036
417|418|235|220301036
417|419|228|220301036
418|410|143|220301078
418|411|437|220301078
418|412|255|220301078
418|413|313|220301078
418|416|424|220301078
418|417|235|220301078
418|418|0|220301078
418|419|426|220301078
419|409|452|220301085
419|410|459|220301085
419|411|158|220301085
419|412|210|220301085
419|416|173|220301085
419|417|228|220301085
419|418|426|220301085
419|419|0|220301085
420|420|0|220402007
420|436|323|220402007
420|444|352|220402007
420|487|379|220402007
421|421|0|220402012
421|422|447|220402012
421|426|325|220402012
421|432|239|220402012
422|421|447|220402013
422|422|0|220402013
422|432|209|220402013
423|423|0|220402014
423|425|266|220402014
423|439|326|220402014
424|424|0|220402018
424|428|505|220402018
424|429|334|220402018
424|430|560|220402018
424|431|153|220402018
424|435|422|220402018
424|438|275|220402018
424|439|521|220402018
425|423|266|220402019
425|425|0|220402019
425|428|529|220402019
425|439|592|220402019
426|421|325|220402020
426|426|0|220402020
426|430|582|220402020
426|432|559|220402020
426|433|295|220402020
427|427|0|220402022
427|445|261|220402022
427|489|429|220402022
428|424|505|220402034
428|425|529|220402034
428|428|0|220402034
428|429|171|220402034
428|430|575|220402034
428|431|352|220402034
428|435|162|220402034
429|424|334|220402036
429|428|171|220402036
429|429|0|220402036
429|430|436|220402036
429|431|182|220402036
429|435|88|220402036
430|424|560|220402049
430|426|582|220402049
430|428|575|220402049
430|429|436|220402049
430|430|0|220402049
430|431|438|220402049
430|433|287|220402049
430|435|413|220402049
431|424|153|220402050
431|428|352|220402050
431|429|182|220402050
431|430|438|220402050
431|431|0|220402050
431|435|270|220402050
431|438|428|220402050
432|421|239|220402053
432|422|209|220402053
432|426|559|220402053
432|432|0|220402053
433|426|295|220402066
433|430|287|220402066
433|433|0|220402066
434|434|0|220402071
434|438|382|220402071
434|440|325|220402071
434|442|131|220402071
434|443|493|220402071
435|424|422|220402072
435|428|162|220402072
435|429|88|220402072
435|430|413|220402072
435|431|270|220402072
435|435|0|220402072
436|420|323|220402077
436|436|0|220402077
436|444|191|220402077
436|487|155|220402077
437|437|0|220402079
437|441|312|220402079
437|445|508|220402079
438|424|275|220402100
438|431|428|220402100
438|434|382|220402100
438|438|0|220402100
438|442|403|220402100
439|423|326|220402104
439|424|521|220402104
439|425|592|220402104
439|439|0|220402104
439|442|570|220402104
440|434|325|220402105
440|440|0|220402105
440|441|417|220402105
440|442|455|220402105
440|443|316|220402105
441|437|312|220402106
441|440|417|220402106
441|441|0|220402106
441|443|471|220402106
441|445|535|220402106
442|434|131|220402125
442|438|403|220402125
442|439|570|220402125
442|440|455|220402125
442|442|0|220402125
442|443|427|220402125
443|434|493|220402126
443|440|316|220402126
443|441|471|220402126
443|442|427|220402126
443|443|0|220402126
444|420|352|220402129
444|436|191|220402129
444|444|0|220402129
444|487|337|220402129
445|427|261|220402137
445|437|508|220402137
445|441|535|220402137
445|445|0|220402137
446|446|0|220501002
447|447|0|220502001
447|448|498|220502001
448|447|498|220502003
448|448|0|220502003
449|449|0|220601007
449|450|495|220601007
449|451|284|220601007
450|449|495|220601013
450|450|0|220601013
450|451|451|220601013
451|449|284|220601021
451|450|451|220601021
451|451|0|220601021
452|452|0|220602001
452|453|470|220602001
452|454|271|220602001
453|452|470|220602005
453|453|0|220602005
453|454|199|220602005
453|478|320|220602005
454|452|271|220602008
454|453|199|220602008
454|454|0|220602008
454|478|519|220602008
455|455|0|220701003
455|457|552|220701003
455|458|440|220701003
456|205|496|220701007
456|208|519|220701007
456|456|0|220701007
457|455|552|220701011
457|457|0|220701011
458|455|440|220701018
458|458|0|220701018
459|459|0|220801004
460|460|0|220802010
460|462|488|220802010
461|461|0|220803001
461|463|250|220803001
461|464|214|220803001
461|465|211|220803001
462|460|488|220803013
462|462|0|220803013
462|464|391|220803013
463|461|250|220803022
463|463|0|220803022
463|464|236|220803022
463|465|72|220803022
464|461|214|220803030
464|462|391|220803030
464|463|236|220803030
464|464|0|220803030
464|465|223|220803030
465|461|211|220803031
465|463|72|220803031
465|464|223|220803031
465|465|0|220803031
466|466|0|220901002
466|467|431|220901002
466|468|239|220901002
466|469|441|220901002
466|471|356|220901002
466|475|146|220901002
467|466|431|220901007
467|467|0|220901007
467|468|300|220901007
467|469|308|220901007
467|475|524|220901007
467|477|554|220901007
468|466|239|220901012
468|467|300|220901012
468|468|0|220901012
468|469|203|220901012
468|471|595|220901012
468|475|384|220901012
469|466|441|220901013
469|467|308|220901013
469|468|203|220901013
469|469|0|220901013
469|475|587|220901013
470|470|0|220902003
470|471|525|220902003
470|472|454|220902003
470|473|207|220902003
470|474|114|220902003
471|466|356|220902004
471|468|595|220902004
471|470|525|220902004
471|471|0|220902004
471|474|446|220902004
471|475|211|220902004
472|72|185|220902005
472|79|501|220902005
472|470|454|220902005
472|472|0|220902005
472|473|247|220902005
472|474|528|220902005
473|72|432|220902011
473|470|207|220902011
473|472|247|220902011
473|473|0|220902011
473|474|281|220902011
474|470|114|220902013
474|471|446|220902013
474|472|528|220902013
474|473|281|220902013
474|474|0|220902013
475|466|146|220902019
475|467|524|220902019
475|468|384|220902019
475|469|587|220902019
475|471|211|220902019
475|475|0|220902019
476|476|0|220903004
477|467|554|220903008
477|477|0|220903008
478|453|320|221201003
478|454|519|221201003
478|478|0|221201003
478|479|460|221201003
479|478|460|221201005
479|479|0|221201005
480|480|0|221301005
480|483|495|221301005
480|484|279|221301005
480|487|567|221301005
481|481|0|221301006
481|482|450|221301006
481|486|209|221301006
482|481|450|221301007
482|482|0|221301007
482|483|251|221301007
482|484|468|221301007
483|480|495|221301009
483|482|251|221301009
483|483|0|221301009
483|484|217|221301009
484|480|279|221301016
484|482|468|221301016
484|483|217|221301016
484|484|0|221301016
485|485|0|221301019
486|481|209|221301022
486|486|0|221301022
487|420|379|221301027
487|436|155|221301027
487|444|337|221301027
487|480|567|221301027
487|487|0|221301027
488|488|0|221302003
488|489|241|221302003
489|427|429|221302009
489|488|241|221302009
489|489|0|221302009
490|76|548|221303004
490|490|0|221303004
490|492|344|221303004
491|491|0|221303007
491|492|375|221303007
492|490|344|221303009
492|491|375|221303009
492|492|0|221303009
493|493|0|221304001
493|499|413|221304001
494|494|0|221304003
494|497|290|221304003
494|498|445|221304003
495|495|0|221304005
495|496|293|221304005
495|498|541|221304005
496|495|293|221304009
496|496|0|221304009
496|498|249|221304009
497|494|290|221304010
497|497|0|221304010
498|494|445|221304012
498|495|541|221304012
498|496|249|221304012
498|498|0|221304012
499|493|413|221304013
499|499|0|221304013