0, 12, -20, 580.865234
0, 12, -19, 580.746765
0, 12, -18, 581.058655
0, 12, -17, 582.130127
0, 12, -16, 581.998596
0, 12, -15, 582.871521
0, 12, -14, 579.318298
0, 12, -13, 580.972961
0, 12, -12, 582.098999
0, 12, -11, 581.187378
0, 12, -10, 582.847351
0, 12, -9, 583.148682
0, 12, -8, 583.327026
0, 12, -7, 583.112915
0, 12, -6, 583.057495
0, 12, -5, 581.630005
0, 12, -4, 582.595215
0, 12, -3, 581.351624
0, 12, -2, 582.606262
0, 12, -1, 582.863464
0, 12, 0, 580.983398
0, 12, 1, 580.761169
0, 12, 2, 581.051697
0, 12, 3, 582.192505
0, 12, 4, 581.901489
0, 12, 5, 582.804016
0, 12, 6, 579.296326
0, 12, 7, 580.896790
0, 12, 8, 582.510681
0, 12, 9, 581.204102
0, 12, 10, 582.554749
0, 12, 11, 582.642029
0, 12, 12, 583.352844
0, 12, 13, 583.054260
0, 12, 14, 583.117126
0, 12, 15, 581.780273
0, 12, 16, 582.852356
0, 12, 17, 581.450256
0, 12, 18, 582.526306
0, 12, 19, 582.208252
0, 12, 20, 581.368286
0, 13, -20, 594.723389
0, 13, -19, 595.659058
0, 13, -18, 595.867798
0, 13, -17, 596.689819
0, 13, -16, 596.334045
0, 13, -15, 597.400146
0, 13, -14, 593.175049
0, 13, -13, 595.203979
0, 13, -12, 596.672607
0, 13, -11, 596.143311
0, 13, -10, 597.000366
0, 13, -9, 598.300598
0, 13, -8, 597.878906
0, 13, -7, 597.558044
0, 13, -6, 597.123535
0, 13, -5, 595.949524
0, 13, -4, 597.603699
0, 13, -3, 595.777222
0, 13, -2, 596.739929
0, 13, -1, 596.801453
0, 13, 0, 594.724976
0, 13, 1, 595.659729
0, 13, 2, 595.875366
0, 13, 3, 596.723145
0, 13, 4, 596.364014
0, 13, 5, 597.378418
0, 13, 6, 593.148071
0, 13, 7, 595.187317
0, 13, 8, 596.822327
0, 13, 9, 596.086792
0, 13, 10, 596.921021
0, 13, 11, 598.206238
0, 13, 12, 597.923035
0, 13, 13, 597.565674
0, 13, 14, 597.103271
0, 13, 15, 595.934937
0, 13, 16, 597.566711
0, 13, 17, 595.821106
0, 13, 18, 596.688599
0, 13, 19, 596.656677
0, 13, 20, 594.887085
0, 14, -20, 597.365295
0, 14, -19, 598.018799
0, 14, -18, 598.530334
0, 14, -17, 599.436462
0, 14, -16, 599.193604
0, 14, -15, 600.120605
0, 14, -14, 596.096558
0, 14, -13, 597.975769
0, 14, -12, 599.469543
0, 14, -11, 598.837891
0, 14, -10, 599.739380
0, 14, -9, 600.498901
0, 14, -8, 600.165039
0, 14, -7, 599.910339
0, 14, -6, 599.523254
0, 14, -5, 598.529541
0, 14, -4, 600.293030
0, 14, -3, 598.385620
0, 14, -2, 599.279114
0, 14, -1, 599.237366
0, 14, 0, 597.365295
0, 14, 1, 598.018799
0, 14, 2, 598.530823
0, 14, 3, 599.437500
0, 14, 4, 599.196350
0, 14, 5, 600.121338
0, 14, 6, 596.096191
0, 14, 7, 597.973511
0, 14, 8, 599.481445
0, 14, 9, 598.833435
0, 14, 10, 599.734009
0, 14, 11, 600.491699
0, 14, 12, 600.168030
0, 14, 13, 599.911621
0, 14, 14, 599.521790
0, 14, 15, 598.528503
0, 14, 16, 600.291016
0, 14, 17, 598.387085
0, 14, 18, 599.273865
0, 14, 19, 599.229248
0, 14, 20, 597.376587
0, 15, -20, 588.224426
0, 15, -19, 588.495239
0, 15, -18, 589.306702
0, 15, -17, 590.328613
0, 15, -16, 589.923340
0, 15, -15, 590.857056
0, 15, -14, 587.455322
0, 15, -13, 588.704468
0, 15, -12, 590.018494
0, 15, -11, 589.236816
0, 15, -10, 590.331238
0, 15, -9, 590.787170
0, 15, -8, 590.781982
0, 15, -7, 590.206909
0, 15, -6, 589.696472
0, 15, -5, 588.830078
0, 15, -4, 590.458435
0, 15, -3, 588.666016
0, 15, -2, 589.586975
0, 15, -1, 590.075378
0, 15, 0, 588.224426
0, 15, 1, 588.495239
0, 15, 2, 589.306702
0, 15, 3, 590.328613
0, 15, 4, 589.923340
0, 15, 5, 590.857056
0, 15, 6, 587.455322
0, 15, 7, 588.704468
0, 15, 8, 590.018494
0, 15, 9, 589.236816
0, 15, 10, 590.331238
0, 15, 11, 590.787170
0, 15, 12, 590.781982
0, 15, 13, 590.206909
0, 15, 14, 589.696472
0, 15, 15, 588.830078
0, 15, 16, 590.458435
0, 15, 17, 588.666016
0, 15, 18, 589.586975
0, 15, 19, 590.075378
0, 15, 20, 588.224426
0, 16, -20, 570.294128
0, 16, -19, 571.537903
0, 16, -18, 571.679810
0, 16, -17, 572.716858
0, 16, -16, 572.139648
0, 16, -15, 572.938416
0, 16, -14, 569.829834
0, 16, -13, 571.024109
0, 16, -12, 572.193726
0, 16, -11, 571.718018
0, 16, -10, 572.533142
0, 16, -9, 573.141113
0, 16, -8, 573.353760
0, 16, -7, 572.378906
0, 16, -6, 571.312500
0, 16, -5, 570.935669
0, 16, -4, 572.569763
0, 16, -3, 570.985840
0, 16, -2, 572.258057
0, 16, -1, 572.416504
0, 16, 0, 570.287598
0, 16, 1, 571.510559
0, 16, 2, 571.684143
0, 16, 3, 572.710876
0, 16, 4, 572.117981
0, 16, 5, 572.920105
0, 16, 6, 569.807251
0, 16, 7, 571.000916
0, 16, 8, 572.183655
0, 16, 9, 571.715271
0, 16, 10, 572.530273
0, 16, 11, 573.140381
0, 16, 12, 573.350647
0, 16, 13, 572.374207
0, 16, 14, 571.312744
0, 16, 15, 570.931152
0, 16, 16, 572.556030
0, 16, 17, 570.968079
0, 16, 18, 572.251831
0, 16, 19, 572.409546
0, 16, 20, 570.287109
0, 17, -20, 575.355164
0, 17, -19, 577.066162
0, 17, -18, 577.295471
0, 17, -17, 578.569397
0, 17, -16, 578.353394
0, 17, -15, 578.401062
0, 17, -14, 575.963745
0, 17, -13, 577.187927
0, 17, -12, 577.795959
0, 17, -11, 577.033569
0, 17, -10, 577.460205
0, 17, -9, 578.600403
0, 17, -8, 578.872986
0, 17, -7, 577.565796
0, 17, -6, 576.312500
0, 17, -5, 576.002136
0, 17, -4, 578.046936
0, 17, -3, 577.551575
0, 17, -2, 578.388794
0, 17, -1, 578.498047
0, 17, 0, 576.953308
0, 17, 1, 577.692749
0, 17, 2, 577.490967
0, 17, 3, 578.143250
0, 17, 4, 577.271423
0, 17, 5, 577.298096
0, 17, 6, 574.551086
0, 17, 7, 576.893494
0, 17, 8, 577.895935
0, 17, 9, 577.529907
0, 17, 10, 577.832275
0, 17, 11, 578.853210
0, 17, 12, 578.717224
0, 17, 13, 577.676208
0, 17, 14, 577.272827
0, 17, 15, 576.851135
0, 17, 16, 578.843262
0, 17, 17, 577.378174
0, 17, 18, 578.191406
0, 17, 19, 577.871399
0, 17, 20, 576.413025
0, 18, -20, 575.290405
0, 18, -19, 575.875977
0, 18, -18, 576.597961
0, 18, -17, 577.275146
0, 18, -16, 578.685303
0, 18, -15, 578.272217
0, 18, -14, 577.004272
0, 18, -13, 577.979614
0, 18, -12, 577.591064
0, 18, -11, 576.165649
0, 18, -10, 576.099854
0, 18, -9, 577.300720
0, 18, -8, 577.658142
0, 18, -7, 576.848267
0, 18, -6, 576.028687
0, 18, -5, 575.230713
0, 18, -4, 576.484741
0, 18, -3, 576.887207
0, 18, -2, 576.912231
0, 18, -1, 578.606140
0, 18, 0, 578.046082
0, 18, 1, 577.387817
0, 18, 2, 577.985413
0, 18, 3, 577.692871
0, 18, 4, 576.416992
0, 18, 5, 575.999939
0, 18, 6, 575.101135
0, 18, 7, 577.317932
0, 18, 8, 577.441345
0, 18, 9, 577.032898
0, 18, 10, 576.496582
0, 18, 11, 577.242493
0, 18, 12, 576.739990
0, 18, 13, 576.285095
0, 18, 14, 577.578430
0, 18, 15, 577.070557
0, 18, 16, 578.529724
0, 18, 17, 578.009888
0, 18, 18, 577.452026
0, 18, 19, 576.903809
0, 18, 20, 576.570679
0, 19, -20, 551.886536
0, 19, -19, 551.879333
0, 19, -18, 552.669495
0, 19, -17, 552.710327
0, 19, -16, 555.449829
0, 19, -15, 554.622559
0, 19, -14, 553.768372
0, 19, -13, 554.777222
0, 19, -12, 553.301147
0, 19, -11, 552.385925
0, 19, -10, 552.130432
0, 19, -9, 553.237976
0, 19, -8, 553.525085
0, 19, -7, 553.041077
0, 19, -6, 552.756104
0, 19, -5, 551.522278
0, 19, -4, 552.005554
0, 19, -3, 552.361389
0, 19, -2, 552.236267
0, 19, -1, 554.809692
0, 19, 0, 554.697021
0, 19, 1, 553.828857
0, 19, 2, 554.743530
0, 19, 3, 553.460815
0, 19, 4, 552.689392
0, 19, 5, 552.165466
0, 19, 6, 553.262451
0, 19, 7, 553.740417
0, 19, 8, 553.017151
0, 19, 9, 552.424561
0, 19, 10, 551.785583
0, 19, 11, 551.773071
0, 19, 12, 552.254883
0, 19, 13, 552.312317
0, 19, 14, 554.906128
0, 19, 15, 554.406372
0, 19, 16, 554.098877
0, 19, 17, 554.754089
0, 19, 18, 553.184204
0, 19, 19, 552.464050
0, 19, 20, 552.163696
1, 12, -20, 580.938049
1, 12, -19, 580.283691
1, 12, -18, 581.044800
1, 12, -17, 580.482849
1, 12, -16, 581.450378
1, 12, -15, 581.020813
1, 12, -14, 582.142334
1, 12, -13, 580.686829
1, 12, -12, 580.163635
1, 12, -11, 581.163208
1, 12, -10, 581.798706
1, 12, -9, 580.806519
1, 12, -8, 581.007019
1, 12, -7, 580.995728
1, 12, -6, 580.430176
1, 12, -5, 580.276428
1, 12, -4, 580.433105
1, 12, -3, 582.129700
1, 12, -2, 582.200867
1, 12, -1, 581.804871
1, 12, 0, 580.983398
1, 12, 1, 580.393616
1, 12, 2, 581.151428
1, 12, 3, 580.535583
1, 12, 4, 581.432556
1, 12, 5, 581.033875
1, 12, 6, 582.063660
1, 12, 7, 580.691345
1, 12, 8, 580.169128
1, 12, 9, 581.177368
1, 12, 10, 581.820374
1, 12, 11, 580.748169
1, 12, 12, 580.895081
1, 12, 13, 580.931885
1, 12, 14, 580.432373
1, 12, 15, 580.305054
1, 12, 16, 580.654358
1, 12, 17, 582.296875
1, 12, 18, 582.236206
1, 12, 19, 581.729309
1, 12, 20, 580.718201
1, 13, -20, 594.721619
1, 13, -19, 594.618042
1, 13, -18, 595.646606
1, 13, -17, 594.720337
1, 13, -16, 595.574341
1, 13, -15, 595.041809
1, 13, -14, 596.491089
1, 13, -13, 595.217285
1, 13, -12, 594.389282
1, 13, -11, 595.606934
1, 13, -10, 596.101074
1, 13, -9, 595.803528
1, 13, -8, 595.752686
1, 13, -7, 595.650085
1, 13, -6, 594.898743
1, 13, -5, 595.217407
1, 13, -4, 595.207458
1, 13, -3, 596.723572
1, 13, -2, 596.873474
1, 13, -1, 595.843811
1, 13, 0, 594.724976
1, 13, 1, 594.623169
1, 13, 2, 595.653442
1, 13, 3, 594.724243
1, 13, 4, 595.574280
1, 13, 5, 595.042114
1, 13, 6, 596.489197
1, 13, 7, 595.216370
1, 13, 8, 594.389160
1, 13, 9, 595.623108
1, 13, 10, 596.085876
1, 13, 11, 595.801025
1, 13, 12, 595.746399
1, 13, 13, 595.646912
1, 13, 14, 594.882568
1, 13, 15, 595.245850
1, 13, 16, 595.221313
1, 13, 17, 596.730896
1, 13, 18, 596.870300
1, 13, 19, 595.843567
1, 13, 20, 594.705139
1, 14, -20, 597.365295
1, 14, -19, 596.946533
1, 14, -18, 598.136658
1, 14, -17, 597.265930
1, 14, -16, 598.196594
1, 14, -15, 597.733276
1, 14, -14, 599.347778
1, 14, -13, 598.122559
1, 14, -12, 597.256409
1, 14, -11, 598.437012
1, 14, -10, 599.088501
1, 14, -9, 598.564636
1, 14, -8, 598.551697
1, 14, -7, 598.585571
1, 14, -6, 597.996033
1, 14, -5, 598.363525
1, 14, -4, 598.277100
1, 14, -3, 599.601013
1, 14, -2, 599.749878
1, 14, -1, 598.645874
1, 14, 0, 597.365295
1, 14, 1, 596.946533
1, 14, 2, 598.136475
1, 14, 3, 597.265930
1, 14, 4, 598.196594
1, 14, 5, 597.733276
1, 14, 6, 599.347778
1, 14, 7, 598.122742
1, 14, 8, 597.256531
1, 14, 9, 598.439880
1, 14, 10, 599.086487
1, 14, 11, 598.564636
1, 14, 12, 598.551697
1, 14, 13, 598.585449
1, 14, 14, 597.993164
1, 14, 15, 598.368225
1, 14, 16, 598.280396
1, 14, 17, 599.600830
1, 14, 18, 599.748474
1, 14, 19, 598.645874
1, 14, 20, 597.359680
1, 15, -20, 588.224426
1, 15, -19, 587.675476
1, 15, -18, 588.784180
1, 15, -17, 588.678040
1, 15, -16, 589.553772
1, 15, -15, 589.118286
1, 15, -14, 590.690491
1, 15, -13, 589.472717
1, 15, -12, 588.629639
1, 15, -11, 590.078247
1, 15, -10, 590.660583
1, 15, -9, 589.602356
1, 15, -8, 589.801819
1, 15, -7, 589.942505
1, 15, -6, 589.388855
1, 15, -5, 589.759460
1, 15, -4, 588.943176
1, 15, -3, 590.452942
1, 15, -2, 591.144043
1, 15, -1, 589.795166
1, 15, 0, 588.224426
1, 15, 1, 587.675476
1, 15, 2, 588.784180
1, 15, 3, 588.678040
1, 15, 4, 589.553772
1, 15, 5, 589.118286
1, 15, 6, 590.690491
1, 15, 7, 589.472717
1, 15, 8, 588.629639
1, 15, 9, 590.078247
1, 15, 10, 590.660583
1, 15, 11, 589.602356
1, 15, 12, 589.801819
1, 15, 13, 589.942505
1, 15, 14, 589.388855
1, 15, 15, 589.759460
1, 15, 16, 588.943481
1, 15, 17, 590.452942
1, 15, 18, 591.144043
1, 15, 19, 589.795166
1, 15, 20, 588.223999
1, 16, -20, 570.270447
1, 16, -19, 569.678833
1, 16, -18, 570.546387
1, 16, -17, 571.095581
1, 16, -16, 571.673767
1, 16, -15, 571.278748
1, 16, -14, 572.720032
1, 16, -13, 571.824402
1, 16, -12, 571.321838
1, 16, -11, 572.632019
1, 16, -10, 572.734924
1, 16, -9, 572.148682
1, 16, -8, 572.053650
1, 16, -7, 571.911804
1, 16, -6, 571.142334
1, 16, -5, 571.321472
1, 16, -4, 570.458984
1, 16, -3, 572.009644
1, 16, -2, 573.328491
1, 16, -1, 571.635803
1, 16, 0, 570.287598
1, 16, 1, 569.666809
1, 16, 2, 570.555481
1, 16, 3, 571.128296
1, 16, 4, 571.752869
1, 16, 5, 571.373413
1, 16, 6, 572.829529
1, 16, 7, 571.825928
1, 16, 8, 571.216736
1, 16, 9, 572.551575
1, 16, 10, 572.716980
1, 16, 11, 572.117859
1, 16, 12, 572.040649
1, 16, 13, 571.919861
1, 16, 14, 571.149292
1, 16, 15, 571.322510
1, 16, 16, 570.454285
1, 16, 17, 572.004639
1, 16, 18, 573.289062
1, 16, 19, 571.632751
1, 16, 20, 570.289856
1, 17, -20, 576.891174
1, 17, -19, 576.713501
1, 17, -18, 577.293213
1, 17, -17, 577.184204
1, 17, -16, 576.744629
1, 17, -15, 577.000122
1, 17, -14, 576.855774
1, 17, -13, 578.070190
1, 17, -12, 577.454285
1, 17, -11, 578.717163
1, 17, -10, 578.520935
1, 17, -9, 579.173157
1, 17, -8, 578.287109
1, 17, -7, 578.319153
1, 17, -6, 577.288330
1, 17, -5, 576.892151
1, 17, -4, 577.015381
1, 17, -3, 578.419006
1, 17, -2, 579.032410
1, 17, -1, 577.883667
1, 17, 0, 576.953308
1, 17, 1, 576.408508
1, 17, 2, 577.415710
1, 17, 3, 576.572083
1, 17, 4, 577.870789
1, 17, 5, 577.014771
1, 17, 6, 579.026733
1, 17, 7, 578.198792
1, 17, 8, 577.609863
1, 17, 9, 578.237915
1, 17, 10, 578.266968
1, 17, 11, 578.575439
1, 17, 12, 578.074097
1, 17, 13, 578.076477
1, 17, 14, 576.986023
1, 17, 15, 577.044556
1, 17, 16, 576.865295
1, 17, 17, 578.565796
1, 17, 18, 579.192993
1, 17, 19, 578.735291
1, 17, 20, 577.464600
1, 18, -20, 579.012390
1, 18, -19, 579.650818
1, 18, -18, 579.587402
1, 18, -17, 578.786865
1, 18, -16, 577.496399
1, 18, -15, 577.493225
1, 18, -14, 576.807739
1, 18, -13, 579.666565
1, 18, -12, 579.080811
1, 18, -11, 580.224060
1, 18, -10, 579.927307
1, 18, -9, 580.798523
1, 18, -8, 579.968140
1, 18, -7, 580.574951
1, 18, -6, 579.842041
1, 18, -5, 578.821350
1, 18, -4, 579.573853
1, 18, -3, 580.074341
1, 18, -2, 579.566223
1, 18, -1, 578.795166
1, 18, 0, 578.046082
1, 18, 1, 577.873352
1, 18, 2, 579.815369
1, 18, 3, 578.643433
1, 18, 4, 579.750793
1, 18, 5, 578.778015
1, 18, 6, 580.526489
1, 18, 7, 579.852661
1, 18, 8, 579.818176
1, 18, 9, 579.906128
1, 18, 10, 579.339966
1, 18, 11, 580.088196
1, 18, 12, 579.592163
1, 18, 13, 579.402710
1, 18, 14, 578.370544
1, 18, 15, 577.970276
1, 18, 16, 577.932617
1, 18, 17, 580.409424
1, 18, 18, 580.302734
1, 18, 19, 580.794678
1, 18, 20, 579.944702
1, 19, -20, 557.541260
1, 19, -19, 558.197937
1, 19, -18, 557.611145
1, 19, -17, 556.937439
1, 19, -16, 556.298828
1, 19, -15, 554.683655
1, 19, -14, 555.429810
1, 19, -13, 557.626526
1, 19, -12, 557.028259
1, 19, -11, 557.363953
1, 19, -10, 557.286011
1, 19, -9, 557.921204
1, 19, -8, 557.559692
1, 19, -7, 558.741516
1, 19, -6, 558.023193
1, 19, -5, 557.145874
1, 19, -4, 557.800659
1, 19, -3, 557.354248
1, 19, -2, 556.805664
1, 19, -1, 556.127563
1, 19, 0, 554.697021
1, 19, 1, 555.264526
1, 19, 2, 557.803223
1, 19, 3, 557.772461
1, 19, 4, 557.659424
1, 19, 5, 557.444885
1, 19, 6, 558.190735
1, 19, 7, 557.828125
1, 19, 8, 558.285156
1, 19, 9, 558.118347
1, 19, 10, 556.995911
1, 19, 11, 557.828430
1, 19, 12, 557.202881
1, 19, 13, 556.723816
1, 19, 14, 555.984863
1, 19, 15, 554.735046
1, 19, 16, 555.018921
1, 19, 17, 557.706238
1, 19, 18, 557.702698
1, 19, 19, 557.557434
1, 19, 20, 557.383362
2, 12, -20, 580.165894
2, 12, -19, 580.412170
2, 12, -18, 580.448730
2, 12, -17, 581.393127
2, 12, -16, 581.410034
2, 12, -15, 581.182739
2, 12, -14, 581.308167
2, 12, -13, 581.286682
2, 12, -12, 581.180359
2, 12, -11, 581.214417
2, 12, -10, 581.608582
2, 12, -9, 581.435364
2, 12, -8, 581.656006
2, 12, -7, 581.480835
2, 12, -6, 581.575806
2, 12, -5, 581.748169
2, 12, -4, 581.434326
2, 12, -3, 581.470215
2, 12, -2, 581.334106
2, 12, -1, 580.564575
2, 12, 0, 580.983398
2, 12, 1, 580.459595
2, 12, 2, 579.150879
2, 12, 3, 579.624634
2, 12, 4, 581.704468
2, 12, 5, 581.319580
2, 12, 6, 581.195984
2, 12, 7, 581.606384
2, 12, 8, 581.366577
2, 12, 9, 581.272217
2, 12, 10, 580.165894
2, 12, 11, 580.412170
2, 12, 12, 580.448730
2, 12, 13, 581.393127
2, 12, 14, 581.410034
2, 12, 15, 581.182739
2, 12, 16, 581.308167
2, 12, 17, 581.286682
2, 12, 18, 581.180359
2, 12, 19, 581.214417
2, 12, 20, 581.608582
2, 13, -20, 593.448792
2, 13, -19, 594.235901
2, 13, -18, 594.063965
2, 13, -17, 595.039734
2, 13, -16, 595.037720
2, 13, -15, 594.849365
2, 13, -14, 595.288696
2, 13, -13, 595.131714
2, 13, -12, 594.641357
2, 13, -11, 594.832886
2, 13, -10, 595.208435
2, 13, -9, 595.109802
2, 13, -8, 595.150574
2, 13, -7, 595.197876
2, 13, -6, 595.250610
2, 13, -5, 595.380188
2, 13, -4, 595.021118
2, 13, -3, 595.259766
2, 13, -2, 594.942078
2, 13, -1, 594.425049
2, 13, 0, 594.724976
2, 13, 1, 593.996094
2, 13, 2, 592.802063
2, 13, 3, 593.573425
2, 13, 4, 595.398987
2, 13, 5, 594.868225
2, 13, 6, 594.896790
2, 13, 7, 595.139893
2, 13, 8, 595.054321
2, 13, 9, 594.806091
2, 13, 10, 593.448792
2, 13, 11, 594.235901
2, 13, 12, 594.063965
2, 13, 13, 595.039734
2, 13, 14, 595.037720
2, 13, 15, 594.849365
2, 13, 16, 595.288696
2, 13, 17, 595.131714
2, 13, 18, 594.641357
2, 13, 19, 594.832886
2, 13, 20, 595.208435
2, 14, -20, 596.251648
2, 14, -19, 596.947815
2, 14, -18, 596.675537
2, 14, -17, 597.603210
2, 14, -16, 597.603638
2, 14, -15, 597.446960
2, 14, -14, 597.929382
2, 14, -13, 597.691895
2, 14, -12, 597.492065
2, 14, -11, 597.475037
2, 14, -10, 597.837891
2, 14, -9, 597.685730
2, 14, -8, 597.725403
2, 14, -7, 597.836731
2, 14, -6, 597.849915
2, 14, -5, 597.955017
2, 14, -4, 597.645081
2, 14, -3, 597.894897
2, 14, -2, 597.572510
2, 14, -1, 597.110718
2, 14, 0, 597.365295
2, 14, 1, 596.622498
2, 14, 2, 595.480652
2, 14, 3, 596.323914
2, 14, 4, 597.991577
2, 14, 5, 597.488342
2, 14, 6, 597.447998
2, 14, 7, 597.717957
2, 14, 8, 597.667114
2, 14, 9, 597.430542
2, 14, 10, 596.251648
2, 14, 11, 596.947815
2, 14, 12, 596.675537
2, 14, 13, 597.603210
2, 14, 14, 597.603638
2, 14, 15, 597.446960
2, 14, 16, 597.929382
2, 14, 17, 597.691895
2, 14, 18, 597.492065
2, 14, 19, 597.475037
2, 14, 20, 597.837891
2, 15, -20, 587.014526
2, 15, -19, 587.575684
2, 15, -18, 587.551025
2, 15, -17, 588.244080
2, 15, -16, 588.263062
2, 15, -15, 587.966248
2, 15, -14, 588.538635
2, 15, -13, 588.249329
2, 15, -12, 588.110107
2, 15, -11, 588.076599
2, 15, -10, 588.461731
2, 15, -9, 588.294128
2, 15, -8, 588.394836
2, 15, -7, 588.514160
2, 15, -6, 588.471680
2, 15, -5, 588.446045
2, 15, -4, 588.280151
2, 15, -3, 588.518799
2, 15, -2, 588.329285
2, 15, -1, 587.635925
2, 15, 0, 588.224426
2, 15, 1, 587.258423
2, 15, 2, 586.208191
2, 15, 3, 587.145935
2, 15, 4, 588.657166
2, 15, 5, 588.141907
2, 15, 6, 587.941406
2, 15, 7, 588.335876
2, 15, 8, 588.311157
2, 15, 9, 588.049866
2, 15, 10, 587.014526
2, 15, 11, 587.575684
2, 15, 12, 587.551025
2, 15, 13, 588.244080
2, 15, 14, 588.263062
2, 15, 15, 587.966248
2, 15, 16, 588.538635
2, 15, 17, 588.249329
2, 15, 18, 588.110107
2, 15, 19, 588.076599
2, 15, 20, 588.461731
2, 16, -20, 568.775024
2, 16, -19, 569.512451
2, 16, -18, 569.491699
2, 16, -17, 570.227478
2, 16, -16, 570.243103
2, 16, -15, 569.936401
2, 16, -14, 570.472656
2, 16, -13, 570.172180
2, 16, -12, 569.785889
2, 16, -11, 569.952576
2, 16, -10, 570.341003
2, 16, -9, 570.268921
2, 16, -8, 570.271729
2, 16, -7, 570.440430
2, 16, -6, 570.404785
2, 16, -5, 570.406921
2, 16, -4, 570.197937
2, 16, -3, 570.427856
2, 16, -2, 570.251221
2, 16, -1, 569.528992
2, 16, 0, 570.287598
2, 16, 1, 569.094604
2, 16, 2, 568.297119
2, 16, 3, 569.228882
2, 16, 4, 570.579407
2, 16, 5, 570.049377
2, 16, 6, 569.875671
2, 16, 7, 570.262634
2, 16, 8, 570.199280
2, 16, 9, 569.925598
2, 16, 10, 568.775024
2, 16, 11, 569.512451
2, 16, 12, 569.491699
2, 16, 13, 570.227478
2, 16, 14, 570.243103
2, 16, 15, 569.936401
2, 16, 16, 570.472656
2, 16, 17, 570.172180
2, 16, 18, 569.785889
2, 16, 19, 569.952576
2, 16, 20, 570.341003
2, 17, -20, 576.154968
2, 17, -19, 576.583252
2, 17, -18, 576.327026
2, 17, -17, 576.994751
2, 17, -16, 577.238098
2, 17, -15, 577.127319
2, 17, -14, 577.361450
2, 17, -13, 577.179810
2, 17, -12, 576.991211
2, 17, -11, 577.078308
2, 17, -10, 577.407959
2, 17, -9, 577.365784
2, 17, -8, 577.269836
2, 17, -7, 577.163208
2, 17, -6, 577.261414
2, 17, -5, 577.081848
2, 17, -4, 577.048645
2, 17, -3, 577.277283
2, 17, -2, 577.119080
2, 17, -1, 576.646667
2, 17, 0, 576.953308
2, 17, 1, 576.372620
2, 17, 2, 575.277161
2, 17, 3, 576.065247
2, 17, 4, 577.395386
2, 17, 5, 577.078552
2, 17, 6, 576.935608
2, 17, 7, 577.298096
2, 17, 8, 577.205139
2, 17, 9, 576.962769
2, 17, 10, 576.154968
2, 17, 11, 576.583252
2, 17, 12, 576.327026
2, 17, 13, 576.994751
2, 17, 14, 577.238098
2, 17, 15, 577.127319
2, 17, 16, 577.361450
2, 17, 17, 577.179810
2, 17, 18, 576.991211
2, 17, 19, 577.078308
2, 17, 20, 577.407959
2, 18, -20, 578.023987
2, 18, -19, 577.864319
2, 18, -18, 577.898315
2, 18, -17, 578.401123
2, 18, -16, 578.773499
2, 18, -15, 578.737549
2, 18, -14, 578.709717
2, 18, -13, 578.469116
2, 18, -12, 578.747070
2, 18, -11, 578.612793
2, 18, -10, 578.946472
2, 18, -9, 578.890198
2, 18, -8, 578.778076
2, 18, -7, 578.269775
2, 18, -6, 578.455444
2, 18, -5, 577.442627
2, 18, -4, 578.011597
2, 18, -3, 578.426208
2, 18, -2, 578.616150
2, 18, -1, 578.409790
2, 18, 0, 578.046082
2, 18, 1, 578.423401
2, 18, 2, 577.410889
2, 18, 3, 577.911743
2, 18, 4, 578.716125
2, 18, 5, 578.614136
2, 18, 6, 578.430420
2, 18, 7, 579.001648
2, 18, 8, 578.664856
2, 18, 9, 578.650940
2, 18, 10, 578.023987
2, 18, 11, 577.864319
2, 18, 12, 577.898315
2, 18, 13, 578.401123
2, 18, 14, 578.773499
2, 18, 15, 578.737549
2, 18, 16, 578.709717
2, 18, 17, 578.469116
2, 18, 18, 578.747070
2, 18, 19, 578.612793
2, 18, 20, 578.946472
2, 19, -20, 554.787354
2, 19, -19, 554.345703
2, 19, -18, 554.636353
2, 19, -17, 554.797424
2, 19, -16, 555.080139
2, 19, -15, 555.098694
2, 19, -14, 555.114258
2, 19, -13, 554.575134
2, 19, -12, 555.244080
2, 19, -11, 554.943054
2, 19, -10, 555.312378
2, 19, -9, 555.159668
2, 19, -8, 555.117371
2, 19, -7, 554.681335
2, 19, -6, 554.787903
2, 19, -5, 553.977783
2, 19, -4, 554.405701
2, 19, -3, 554.932983
2, 19, -2, 554.830383
2, 19, -1, 554.704346
2, 19, 0, 554.697021
2, 19, 1, 554.821106
2, 19, 2, 554.671814
2, 19, 3, 554.941589
2, 19, 4, 555.093445
2, 19, 5, 555.063110
2, 19, 6, 554.917542
2, 19, 7, 555.611755
2, 19, 8, 555.232178
2, 19, 9, 555.302429
2, 19, 10, 554.787354
2, 19, 11, 554.345703
2, 19, 12, 554.636353
2, 19, 13, 554.797424
2, 19, 14, 555.080139
2, 19, 15, 555.098694
2, 19, 16, 555.114258
2, 19, 17, 554.575134
2, 19, 18, 555.244080
2, 19, 19, 554.943054
2, 19, 20, 555.312378
3, 12, -20, 581.530945
3, 12, -19, 581.515930
3, 12, -18, 582.208557
3, 12, -17, 582.162292
3, 12, -16, 581.835205
3, 12, -15, 580.983398
3, 12, -14, 580.980042
3, 12, -13, 582.087585
3, 12, -12, 581.924255
3, 12, -11, 581.176575
3, 12, -10, 581.627319
3, 12, -9, 581.310486
3, 12, -8, 580.796753
3, 12, -7, 581.509949
3, 12, -6, 581.740112
3, 12, -5, 581.530945
3, 12, -4, 581.515930
3, 12, -3, 582.208557
3, 12, -2, 582.162292
3, 12, -1, 581.835205
3, 12, 0, 580.983398
3, 12, 1, 580.980042
3, 12, 2, 582.087585
3, 12, 3, 581.924255
3, 12, 4, 581.176575
3, 12, 5, 581.627319
3, 12, 6, 581.310486
3, 12, 7, 580.796753
3, 12, 8, 581.509949
3, 12, 9, 581.740112
3, 12, 10, 581.530945
3, 12, 11, 581.515930
3, 12, 12, 582.208557
3, 12, 13, 582.162292
3, 12, 14, 581.835205
3, 12, 15, 580.983398
3, 12, 16, 580.980042
3, 12, 17, 582.087585
3, 12, 18, 581.924255
3, 12, 19, 581.176575
3, 12, 20, 581.627319
3, 13, -20, 595.680420
3, 13, -19, 595.593933
3, 13, -18, 596.427246
3, 13, -17, 596.349915
3, 13, -16, 596.044922
3, 13, -15, 594.724976
3, 13, -14, 594.630737
3, 13, -13, 596.324890
3, 13, -12, 595.891479
3, 13, -11, 595.405457
3, 13, -10, 595.881104
3, 13, -9, 595.502747
3, 13, -8, 595.173279
3, 13, -7, 595.648926
3, 13, -6, 596.229309
3, 13, -5, 595.680420
3, 13, -4, 595.593933
3, 13, -3, 596.427246
3, 13, -2, 596.349915
3, 13, -1, 596.044922
3, 13, 0, 594.724976
3, 13, 1, 594.630737
3, 13, 2, 596.324890
3, 13, 3, 595.891479
3, 13, 4, 595.405457
3, 13, 5, 595.881104
3, 13, 6, 595.502747
3, 13, 7, 595.173279
3, 13, 8, 595.648926
3, 13, 9, 596.229309
3, 13, 10, 595.680420
3, 13, 11, 595.593933
3, 13, 12, 596.427246
3, 13, 13, 596.349915
3, 13, 14, 596.044922
3, 13, 15, 594.724976
3, 13, 16, 594.630737
3, 13, 17, 596.324890
3, 13, 18, 595.891479
3, 13, 19, 595.405457
3, 13, 20, 595.881104
3, 14, -20, 598.254150
3, 14, -19, 598.195801
3, 14, -18, 598.959412
3, 14, -17, 598.941467
3, 14, -16, 598.662415
3, 14, -15, 597.365295
3, 14, -14, 597.216492
3, 14, -13, 598.859009
3, 14, -12, 598.473572
3, 14, -11, 598.014709
3, 14, -10, 598.478149
3, 14, -9, 598.188843
3, 14, -8, 597.761841
3, 14, -7, 598.330627
3, 14, -6, 598.878540
3, 14, -5, 598.254150
3, 14, -4, 598.195801
3, 14, -3, 598.959412
3, 14, -2, 598.941467
3, 14, -1, 598.662415
3, 14, 0, 597.365295
3, 14, 1, 597.216492
3, 14, 2, 598.859009
3, 14, 3, 598.473572
3, 14, 4, 598.014709
3, 14, 5, 598.478149
3, 14, 6, 598.188843
3, 14, 7, 597.761841
3, 14, 8, 598.330627
3, 14, 9, 598.878540
3, 14, 10, 598.254150
3, 14, 11, 598.195801
3, 14, 12, 598.959412
3, 14, 13, 598.941467
3, 14, 14, 598.662415
3, 14, 15, 597.365295
3, 14, 16, 597.216492
3, 14, 17, 598.859009
3, 14, 18, 598.473572
3, 14, 19, 598.014709
3, 14, 20, 598.478149
3, 15, -20, 589.057800
3, 15, -19, 589.049622
3, 15, -18, 589.640259
3, 15, -17, 589.581543
3, 15, -16, 589.280640
3, 15, -15, 588.224426
3, 15, -14, 588.117981
3, 15, -13, 589.693176
3, 15, -12, 589.369873
3, 15, -11, 588.829773
3, 15, -10, 589.231506
3, 15, -9, 589.031006
3, 15, -8, 588.470886
3, 15, -7, 589.124268
3, 15, -6, 589.589355
3, 15, -5, 589.057800
3, 15, -4, 589.049622
3, 15, -3, 589.640259
3, 15, -2, 589.581543
3, 15, -1, 589.280640
3, 15, 0, 588.224426
3, 15, 1, 588.117981
3, 15, 2, 589.693176
3, 15, 3, 589.369873
3, 15, 4, 588.829773
3, 15, 5, 589.231506
3, 15, 6, 589.031006
3, 15, 7, 588.470886
3, 15, 8, 589.124268
3, 15, 9, 589.589355
3, 15, 10, 589.057800
3, 15, 11, 589.049622
3, 15, 12, 589.640259
3, 15, 13, 589.581543
3, 15, 14, 589.280640
3, 15, 15, 588.224426
3, 15, 16, 588.117981
3, 15, 17, 589.693176
3, 15, 18, 589.369873
3, 15, 19, 588.829773
3, 15, 20, 589.231506
3, 16, -20, 570.940125
3, 16, -19, 571.066284
3, 16, -18, 571.750549
3, 16, -17, 571.494385
3, 16, -16, 571.039917
3, 16, -15, 570.287598
3, 16, -14, 570.291504
3, 16, -13, 571.716248
3, 16, -12, 571.534363
3, 16, -11, 570.966309
3, 16, -10, 571.364807
3, 16, -9, 571.112183
3, 16, -8, 570.410339
3, 16, -7, 571.069580
3, 16, -6, 571.394043
3, 16, -5, 570.940125
3, 16, -4, 571.066284
3, 16, -3, 571.750549
3, 16, -2, 571.494385
3, 16, -1, 571.039917
3, 16, 0, 570.287598
3, 16, 1, 570.291504
3, 16, 2, 571.716248
3, 16, 3, 571.534363
3, 16, 4, 570.966309
3, 16, 5, 571.364807
3, 16, 6, 571.112183
3, 16, 7, 570.410339
3, 16, 8, 571.069580
3, 16, 9, 571.394043
3, 16, 10, 570.940125
3, 16, 11, 571.066284
3, 16, 12, 571.750549
3, 16, 13, 571.494385
3, 16, 14, 571.039917
3, 16, 15, 570.287598
3, 16, 16, 570.291504
3, 16, 17, 571.716248
3, 16, 18, 571.534363
3, 16, 19, 570.966309
3, 16, 20, 571.364807
3, 17, -20, 577.283752
3, 17, -19, 577.758057
3, 17, -18, 578.369568
3, 17, -17, 578.232300
3, 17, -16, 577.829773
3, 17, -15, 576.953308
3, 17, -14, 577.079773
3, 17, -13, 578.155884
3, 17, -12, 578.103699
3, 17, -11, 577.544739
3, 17, -10, 578.020996
3, 17, -9, 577.780457
3, 17, -8, 576.858887
3, 17, -7, 577.792114
3, 17, -6, 578.165466
3, 17, -5, 577.283752
3, 17, -4, 577.758057
3, 17, -3, 578.369568
3, 17, -2, 578.232300
3, 17, -1, 577.829773
3, 17, 0, 576.953308
3, 17, 1, 577.079773
3, 17, 2, 578.155884
3, 17, 3, 578.103699
3, 17, 4, 577.544739
3, 17, 5, 578.020996
3, 17, 6, 577.780457
3, 17, 7, 576.858887
3, 17, 8, 577.792114
3, 17, 9, 578.165466
3, 17, 10, 577.283752
3, 17, 11, 577.758057
3, 17, 12, 578.369568
3, 17, 13, 578.232300
3, 17, 14, 577.829773
3, 17, 15, 576.953308
3, 17, 16, 577.079773
3, 17, 17, 578.155884
3, 17, 18, 578.103699
3, 17, 19, 577.544739
3, 17, 20, 578.020996
3, 18, -20, 578.281433
3, 18, -19, 578.949402
3, 18, -18, 578.837891
3, 18, -17, 578.619507
3, 18, -16, 578.826782
3, 18, -15, 578.046082
3, 18, -14, 578.398560
3, 18, -13, 578.643066
3, 18, -12, 578.897644
3, 18, -11, 578.272034
3, 18, -10, 578.586975
3, 18, -9, 578.670471
3, 18, -8, 577.696472
3, 18, -7, 578.858521
3, 18, -6, 579.204102
3, 18, -5, 578.281433
3, 18, -4, 578.949402
3, 18, -3, 578.837891
3, 18, -2, 578.619507
3, 18, -1, 578.826782
3, 18, 0, 578.046082
3, 18, 1, 578.398560
3, 18, 2, 578.643066
3, 18, 3, 578.897644
3, 18, 4, 578.272034
3, 18, 5, 578.586975
3, 18, 6, 578.670471
3, 18, 7, 577.696472
3, 18, 8, 578.858521
3, 18, 9, 579.204102
3, 18, 10, 578.281433
3, 18, 11, 578.949402
3, 18, 12, 578.837891
3, 18, 13, 578.619507
3, 18, 14, 578.826782
3, 18, 15, 578.046082
3, 18, 16, 578.398560
3, 18, 17, 578.643066
3, 18, 18, 578.897644
3, 18, 19, 578.272034
3, 18, 20, 578.586975
3, 19, -20, 554.761963
3, 19, -19, 555.325134
3, 19, -18, 554.927612
3, 19, -17, 554.510803
3, 19, -16, 555.205627
3, 19, -15, 554.697021
3, 19, -14, 555.148010
3, 19, -13, 554.786499
3, 19, -12, 555.380737
3, 19, -11, 554.756104
3, 19, -10, 554.659729
3, 19, -9, 555.198425
3, 19, -8, 554.336792
3, 19, -7, 555.468140
3, 19, -6, 555.353210
3, 19, -5, 554.761963
3, 19, -4, 555.325134
3, 19, -3, 554.927612
3, 19, -2, 554.510803
3, 19, -1, 555.205627
3, 19, 0, 554.697021
3, 19, 1, 555.148010
3, 19, 2, 554.786499
3, 19, 3, 555.380737
3, 19, 4, 554.756104
3, 19, 5, 554.659729
3, 19, 6, 555.198425
3, 19, 7, 554.336792
3, 19, 8, 555.468140
3, 19, 9, 555.353210
3, 19, 10, 554.761963
3, 19, 11, 555.325134
3, 19, 12, 554.927612
3, 19, 13, 554.510803
3, 19, 14, 555.205627
3, 19, 15, 554.697021
3, 19, 16, 555.148010
3, 19, 17, 554.786499
3, 19, 18, 555.380737
3, 19, 19, 554.756104
3, 19, 20, 554.659729
4, 12, -20, 579.627625
4, 12, -19, 580.436584
4, 12, -18, 581.029602
4, 12, -17, 581.069153
4, 12, -16, 581.557251
4, 12, -15, 580.983398
4, 12, -14, 580.927002
4, 12, -13, 579.155884
4, 12, -12, 581.489441
4, 12, -11, 581.063110
4, 12, -10, 581.411621
4, 12, -9, 581.394165
4, 12, -8, 580.348389
4, 12, -7, 580.629639
4, 12, -6, 580.414368
4, 12, -5, 579.627625
4, 12, -4, 580.436584
4, 12, -3, 581.029602
4, 12, -2, 581.069153
4, 12, -1, 581.557251
4, 12, 0, 580.983398
4, 12, 1, 580.927002
4, 12, 2, 579.155884
4, 12, 3, 581.489441
4, 12, 4, 581.063110
4, 12, 5, 581.411621
4, 12, 6, 581.394165
4, 12, 7, 580.348389
4, 12, 8, 580.629639
4, 12, 9, 580.414368
4, 12, 10, 579.627625
4, 12, 11, 580.436584
4, 12, 12, 581.029602
4, 12, 13, 581.069153
4, 12, 14, 581.557251
4, 12, 15, 580.983398
4, 12, 16, 580.927002
4, 12, 17, 579.155884
4, 12, 18, 581.489441
4, 12, 19, 581.063110
4, 12, 20, 581.411621
4, 13, -20, 592.985596
4, 13, -19, 594.327759
4, 13, -18, 595.204407
4, 13, -17, 594.773010
4, 13, -16, 595.615112
4, 13, -15, 594.724976
4, 13, -14, 594.803894
4, 13, -13, 592.973267
4, 13, -12, 595.426575
4, 13, -11, 595.263916
4, 13, -10, 595.623230
4, 13, -9, 595.398376
4, 13, -8, 593.395569
4, 13, -7, 594.593628
4, 13, -6, 594.140442
4, 13, -5, 592.985596
4, 13, -4, 594.327759
4, 13, -3, 595.204407
4, 13, -2, 594.773010
4, 13, -1, 595.615112
4, 13, 0, 594.724976
4, 13, 1, 594.803894
4, 13, 2, 592.973267
4, 13, 3, 595.426575
4, 13, 4, 595.263916
4, 13, 5, 595.623230
4, 13, 6, 595.398376
4, 13, 7, 593.395569
4, 13, 8, 594.593628
4, 13, 9, 594.140442
4, 13, 10, 592.985596
4, 13, 11, 594.327759
4, 13, 12, 595.204407
4, 13, 13, 594.773010
4, 13, 14, 595.615112
4, 13, 15, 594.724976
4, 13, 16, 594.803894
4, 13, 17, 592.973267
4, 13, 18, 595.426575
4, 13, 19, 595.263916
4, 13, 20, 595.623230
4, 14, -20, 595.612244
4, 14, -19, 596.809875
4, 14, -18, 597.558960
4, 14, -17, 597.117981
4, 14, -16, 598.036011
4, 14, -15, 597.365295
4, 14, -14, 597.184814
4, 14, -13, 595.570862
4, 14, -12, 597.895508
4, 14, -11, 597.771301
4, 14, -10, 598.117798
4, 14, -9, 597.861694
4, 14, -8, 595.568909
4, 14, -7, 597.113037
4, 14, -6, 596.729309
4, 14, -5, 595.612244
4, 14, -4, 596.809875
4, 14, -3, 597.558960
4, 14, -2, 597.117981
4, 14, -1, 598.036011
4, 14, 0, 597.365295
4, 14, 1, 597.184814
4, 14, 2, 595.570862
4, 14, 3, 597.895508
4, 14, 4, 597.771301
4, 14, 5, 598.117798
4, 14, 6, 597.861694
4, 14, 7, 595.568909
4, 14, 8, 597.113037
4, 14, 9, 596.729309
4, 14, 10, 595.612244
4, 14, 11, 596.809875
4, 14, 12, 597.558960
4, 14, 13, 597.117981
4, 14, 14, 598.036011
4, 14, 15, 597.365295
4, 14, 16, 597.184814
4, 14, 17, 595.570862
4, 14, 18, 597.895508
4, 14, 19, 597.771301
4, 14, 20, 598.117798
4, 15, -20, 586.896301
4, 15, -19, 587.700012
4, 15, -18, 588.142517
4, 15, -17, 587.841736
4, 15, -16, 588.666260
4, 15, -15, 588.224426
4, 15, -14, 587.899658
4, 15, -13, 586.317505
4, 15, -12, 588.628967
4, 15, -11, 588.475708
4, 15, -10, 588.850281
4, 15, -9, 588.631348
4, 15, -8, 586.492554
4, 15, -7, 587.895142
4, 15, -6, 587.680176
4, 15, -5, 586.896301
4, 15, -4, 587.700012
4, 15, -3, 588.142517
4, 15, -2, 587.841736
4, 15, -1, 588.666260
4, 15, 0, 588.224426
4, 15, 1, 587.899658
4, 15, 2, 586.317505
4, 15, 3, 588.628967
4, 15, 4, 588.475708
4, 15, 5, 588.850281
4, 15, 6, 588.631348
4, 15, 7, 586.492554
4, 15, 8, 587.895142
4, 15, 9, 587.680176
4, 15, 10, 586.896301
4, 15, 11, 587.700012
4, 15, 12, 588.142517
4, 15, 13, 587.841736
4, 15, 14, 588.666260
4, 15, 15, 588.224426
4, 15, 16, 587.899658
4, 15, 17, 586.317505
4, 15, 18, 588.628967
4, 15, 19, 588.475708
4, 15, 20, 588.850281
4, 16, -20, 568.818665
4, 16, -19, 569.568787
4, 16, -18, 570.146606
4, 16, -17, 569.883850
4, 16, -16, 570.836853
4, 16, -15, 570.287598
4, 16, -14, 570.360107
4, 16, -13, 568.649292
4, 16, -12, 570.966919
4, 16, -11, 570.797424
4, 16, -10, 571.058044
4, 16, -9, 570.958252
4, 16, -8, 569.055664
4, 16, -7, 570.248962
4, 16, -6, 569.898621
4, 16, -5, 568.818665
4, 16, -4, 569.568787
4, 16, -3, 570.146606
4, 16, -2, 569.883850
4, 16, -1, 570.836853
4, 16, 0, 570.287598
4, 16, 1, 570.360107
4, 16, 2, 568.649292
4, 16, 3, 570.966919
4, 16, 4, 570.797424
4, 16, 5, 571.058044
4, 16, 6, 570.958252
4, 16, 7, 569.055664
4, 16, 8, 570.248962
4, 16, 9, 569.898621
4, 16, 10, 568.818665
4, 16, 11, 569.568787
4, 16, 12, 570.146606
4, 16, 13, 569.883850
4, 16, 14, 570.836853
4, 16, 15, 570.287598
4, 16, 16, 570.360107
4, 16, 17, 568.649292
4, 16, 18, 570.966919
4, 16, 19, 570.797424
4, 16, 20, 571.058044
4, 17, -20, 574.625488
4, 17, -19, 575.799927
4, 17, -18, 576.467163
4, 17, -17, 575.920166
4, 17, -16, 576.931274
4, 17, -15, 576.953308
4, 17, -14, 577.338623
4, 17, -13, 575.930359
4, 17, -12, 577.737183
4, 17, -11, 577.678467
4, 17, -10, 577.869019
4, 17, -9, 577.742188
4, 17, -8, 575.692200
4, 17, -7, 576.841492
4, 17, -6, 576.549194
4, 17, -5, 574.625488
4, 17, -4, 575.799927
4, 17, -3, 576.467163
4, 17, -2, 575.920166
4, 17, -1, 576.931274
4, 17, 0, 576.953308
4, 17, 1, 577.338623
4, 17, 2, 575.930359
4, 17, 3, 577.737183
4, 17, 4, 577.678467
4, 17, 5, 577.869019
4, 17, 6, 577.742188
4, 17, 7, 575.692200
4, 17, 8, 576.841492
4, 17, 9, 576.549194
4, 17, 10, 574.625488
4, 17, 11, 575.799927
4, 17, 12, 576.467163
4, 17, 13, 575.920166
4, 17, 14, 576.931274
4, 17, 15, 576.953308
4, 17, 16, 577.338623
4, 17, 17, 575.930359
4, 17, 18, 577.737183
4, 17, 19, 577.678467
4, 17, 20, 577.869019
4, 18, -20, 576.785706
4, 18, -19, 577.477783
4, 18, -18, 577.576355
4, 18, -17, 577.153503
4, 18, -16, 576.744080
4, 18, -15, 578.046082
4, 18, -14, 578.838623
4, 18, -13, 577.764893
4, 18, -12, 579.461426
4, 18, -11, 579.291565
4, 18, -10, 579.945374
4, 18, -9, 579.553711
4, 18, -8, 577.453308
4, 18, -7, 578.354248
4, 18, -6, 578.504944
4, 18, -5, 576.785706
4, 18, -4, 577.477783
4, 18, -3, 577.576355
4, 18, -2, 577.153503
4, 18, -1, 576.744080
4, 18, 0, 578.046082
4, 18, 1, 578.838623
4, 18, 2, 577.764893
4, 18, 3, 579.461426
4, 18, 4, 579.291565
4, 18, 5, 579.945374
4, 18, 6, 579.553711
4, 18, 7, 577.453308
4, 18, 8, 578.354248
4, 18, 9, 578.504944
4, 18, 10, 576.785706
4, 18, 11, 577.477783
4, 18, 12, 577.576355
4, 18, 13, 577.153503
4, 18, 14, 576.744080
4, 18, 15, 578.046082
4, 18, 16, 578.838623
4, 18, 17, 577.764893
4, 18, 18, 579.461426
4, 18, 19, 579.291565
4, 18, 20, 579.945374
4, 19, -20, 555.375671
4, 19, -19, 554.985107
4, 19, -18, 554.634460
4, 19, -17, 554.880798
4, 19, -16, 553.032288
4, 19, -15, 554.697021
4, 19, -14, 555.767517
4, 19, -13, 555.042297
4, 19, -12, 556.609863
4, 19, -11, 556.337036
4, 19, -10, 557.212585
4, 19, -9, 556.917847
4, 19, -8, 555.564392
4, 19, -7, 555.844238
4, 19, -6, 556.199036
4, 19, -5, 555.375671
4, 19, -4, 554.985107
4, 19, -3, 554.634460
4, 19, -2, 554.880798
4, 19, -1, 553.032288
4, 19, 0, 554.697021
4, 19, 1, 555.767517
4, 19, 2, 555.042297
4, 19, 3, 556.609863
4, 19, 4, 556.337036
4, 19, 5, 557.212585
4, 19, 6, 556.917847
4, 19, 7, 555.564392
4, 19, 8, 555.844238
4, 19, 9, 556.199036
4, 19, 10, 555.375671
4, 19, 11, 554.985107
4, 19, 12, 554.634460
4, 19, 13, 554.880798
4, 19, 14, 553.032288
4, 19, 15, 554.697021
4, 19, 16, 555.767517
4, 19, 17, 555.042297
4, 19, 18, 556.609863
4, 19, 19, 556.337036
4, 19, 20, 557.212585