0, 9, -20, 531.38446
0, 9, -19, 530.811157
0, 9, -18, 532.984314
0, 9, -17, 531.830017
0, 9, -16, 533.421753
0, 9, -15, 533.99115
0, 9, -14, 533.983154
0, 9, -13, 535.220398
0, 9, -12, 533.658936
0, 9, -11, 531.337097
0, 9, -10, 531.053711
0, 9, -9, 532.501831
0, 9, -8, 532.188416
0, 9, -7, 531.9021
0, 9, -6, 531.641418
0, 9, -5, 531.58429
0, 9, -4, 530.792419
0, 9, -3, 532.981873
0, 9, -2, 531.806091
0, 9, -1, 533.320251
0, 9, 0, 533.552246
0, 9, 1, 533.815979
0, 9, 2, 535.094666
0, 9, 3, 533.571777
0, 9, 4, 531.193787
0, 9, 5, 531.083984
0, 9, 6, 532.795532
0, 9, 7, 532.439575
0, 9, 8, 531.700256
0, 9, 9, 531.670959
0, 9, 10, 531.747131
0, 9, 11, 530.604736
0, 9, 12, 532.457886
0, 9, 13, 531.591553
0, 9, 14, 533.085083
0, 9, 15, 533.799805
0, 9, 16, 533.765747
0, 9, 17, 535.126953
0, 9, 18, 533.618896
0, 9, 19, 531.24054
0, 9, 20, 530.775452
0, 10, -20, 534.1922
0, 10, -19, 533.391907
0, 10, -18, 533.718018
0, 10, -17, 533.581848
0, 10, -16, 535.368713
0, 10, -15, 535.079285
0, 10, -14, 534.274902
0, 10, -13, 535.508484
0, 10, -12, 535.003784
0, 10, -11, 532.944885
0, 10, -10, 533.575378
0, 10, -9, 534.194153
0, 10, -8, 534.440979
0, 10, -7, 534.184021
0, 10, -6, 534.120239
0, 10, -5, 533.829468
0, 10, -4, 533.292542
0, 10, -3, 534.033325
0, 10, -2, 534.671204
0, 10, -1, 535.546387
0, 10, 0, 535.374695
0, 10, 1, 534.634033
0, 10, 2, 535.275269
0, 10, 3, 535.146729
0, 10, 4, 533.191284
0, 10, 5, 533.278076
0, 10, 6, 534.274414
0, 10, 7, 534.304993
0, 10, 8, 534.175598
0, 10, 9, 533.487976
0, 10, 10, 533.832886
0, 10, 11, 532.510498
0, 10, 12, 534.209045
0, 10, 13, 533.949829
0, 10, 14, 535.542969
0, 10, 15, 535.925171
0, 10, 16, 535.275452
0, 10, 17, 536.263
0, 10, 18, 535.33252
0, 10, 19, 533.079773
0, 10, 20, 533.577393
0, 11, -20, 570.816589
0, 11, -19, 569.836487
0, 11, -18, 570.394409
0, 11, -17, 571.640381
0, 11, -16, 571.814209
0, 11, -15, 572.363464
0, 11, -14, 569.52594
0, 11, -13, 570.976135
0, 11, -12, 571.780579
0, 11, -11, 570.554321
0, 11, -10, 572.501099
0, 11, -9, 571.784363
0, 11, -8, 572.257568
0, 11, -7, 572.184937
0, 11, -6, 572.301636
0, 11, -5, 570.766541
0, 11, -4, 571.461243
0, 11, -3, 570.804504
0, 11, -2, 572.378296
0, 11, -1, 572.627625
0, 11, 0, 571.049866
0, 11, 1, 569.863953
0, 11, 2, 570.366455
0, 11, 3, 571.700745
0, 11, 4, 571.565796
0, 11, 5, 572.273376
0, 11, 6, 569.535217
0, 11, 7, 570.852722
0, 11, 8, 572.328125
0, 11, 9, 570.691528
0, 11, 10, 572.063965
0, 11, 11, 570.945557
0, 11, 12, 572.226929
0, 11, 13, 572.055054
0, 11, 14, 572.459106
0, 11, 15, 571.094971
0, 11, 16, 572.046082
0, 11, 17, 570.917175
0, 11, 18, 572.310486
0, 11, 19, 571.591003
0, 11, 20, 571.517761
0, 12, -20, 590.920471
0, 12, -19, 591.664795
0, 12, -18, 591.730835
0, 12, -17, 592.627136
0, 12, -16, 592.189819
0, 12, -15, 593.386902
0, 12, -14, 589.118591
0, 12, -13, 590.977844
0, 12, -12, 592.426392
0, 12, -11, 591.829651
0, 12, -10, 593.202332
0, 12, -9, 594.521912
0, 12, -8, 594.405396
0, 12, -7, 594.05011
0, 12, -6, 593.822815
0, 12, -5, 592.502075
0, 12, -4, 593.737732
0, 12, -3, 591.906311
0, 12, -2, 592.841492
0, 12, -1, 593.105652
0, 12, 0, 590.923523
0, 12, 1, 591.666199
0, 12, 2, 591.744934
0, 12, 3, 592.691711
0, 12, 4, 592.244324
0, 12, 5, 593.341919
0, 12, 6, 589.065308
0, 12, 7, 590.948853
0, 12, 8, 592.702087
0, 12, 9, 591.725525
0, 12, 10, 593.054504
0, 12, 11, 594.347656
0, 12, 12, 594.487793
0, 12, 13, 594.062744
0, 12, 14, 593.785278
0, 12, 15, 592.474915
0, 12, 16, 593.667725
0, 12, 17, 591.991089
0, 12, 18, 592.74939
0, 12, 19, 592.832214
0, 12, 20, 591.225159
0, 13, -20, 598.524109
0, 13, -19, 599.650879
0, 13, -18, 600.002197
0, 13, -17, 600.749878
0, 13, -16, 600.475525
0, 13, -15, 601.410583
0, 13, -14, 597.228882
0, 13, -13, 599.427368
0, 13, -12, 600.916199
0, 13, -11, 600.454346
0, 13, -10, 600.795654
0, 13, -9, 602.076294
0, 13, -8, 601.350525
0, 13, -7, 601.063721
0, 13, -6, 600.422302
0, 13, -5, 599.395142
0, 13, -4, 601.467224
0, 13, -3, 599.645935
0, 13, -2, 600.63562
0, 13, -1, 600.494934
0, 13, 0, 598.524109
0, 13, 1, 599.650879
0, 13, 2, 600.003113
0, 13, 3, 600.751953
0, 13, 4, 600.481018
0, 13, 5, 601.412109
0, 13, 6, 597.22821
0, 13, 7, 599.422913
0, 13, 8, 600.940002
0, 13, 9, 600.445374
0, 13, 10, 600.784851
0, 13, 11, 602.061829
0, 13, 12, 601.356384
0, 13, 13, 601.066345
0, 13, 14, 600.419373
0, 13, 15, 599.393005
0, 13, 16, 601.463196
0, 13, 17, 599.648926
0, 13, 18, 600.625122
0, 13, 19, 600.478699
0, 13, 20, 598.546753
0, 14, -20, 598.524109
0, 14, -19, 599.650879
0, 14, -18, 600.002197
0, 14, -17, 600.749878
0, 14, -16, 600.475525
0, 14, -15, 601.410583
0, 14, -14, 597.228882
0, 14, -13, 599.427368
0, 14, -12, 600.916199
0, 14, -11, 600.454346
0, 14, -10, 600.795654
0, 14, -9, 602.076294
0, 14, -8, 601.350525
0, 14, -7, 601.063721
0, 14, -6, 600.422302
0, 14, -5, 599.395142
0, 14, -4, 601.467224
0, 14, -3, 599.645935
0, 14, -2, 600.63562
0, 14, -1, 600.494934
0, 14, 0, 598.524109
0, 14, 1, 599.650879
0, 14, 2, 600.003113
0, 14, 3, 600.751953
0, 14, 4, 600.481018
0, 14, 5, 601.412109
0, 14, 6, 597.22821
0, 14, 7, 599.422913
0, 14, 8, 600.940002
0, 14, 9, 600.445374
0, 14, 10, 600.784851
0, 14, 11, 602.061829
0, 14, 12, 601.356384
0, 14, 13, 601.066345
0, 14, 14, 600.419373
0, 14, 15, 599.393005
0, 14, 16, 601.463196
0, 14, 17, 599.648926
0, 14, 18, 600.625122
0, 14, 19, 600.478699
0, 14, 20, 598.546753
0, 15, -20, 580.265015
0, 15, -19, 580.625549
0, 15, -18, 581.576355
0, 15, -17, 582.555237
0, 15, -16, 581.956238
0, 15, -15, 582.904968
0, 15, -14, 579.96698
0, 15, -13, 580.906433
0, 15, -12, 582.037415
0, 15, -11, 581.274109
0, 15, -10, 582.003601
0, 15, -9, 582.675659
0, 15, -8, 582.607117
0, 15, -7, 581.679504
0, 15, -6, 580.791504
0, 15, -5, 580.019043
0, 15, -4, 581.822144
0, 15, -3, 580.229553
0, 15, -2, 581.274658
0, 15, -1, 582.192993
0, 15, 0, 580.265015
0, 15, 1, 580.625549
0, 15, 2, 581.576355
0, 15, 3, 582.555237
0, 15, 4, 581.956238
0, 15, 5, 582.904968
0, 15, 6, 579.96698
0, 15, 7, 580.906433
0, 15, 8, 582.037415
0, 15, 9, 581.274109
0, 15, 10, 582.003601
0, 15, 11, 582.675659
0, 15, 12, 582.607117
0, 15, 13, 581.679504
0, 15, 14, 580.791504
0, 15, 15, 580.019043
0, 15, 16, 581.822144
0, 15, 17, 580.229553
0, 15, 18, 581.274658
0, 15, 19, 582.192993
0, 15, 20, 580.265015
0, 16, -20, 560.309814
0, 16, -19, 562.439148
0, 16, -18, 561.771729
0, 16, -17, 562.867615
0, 16, -16, 562.311951
0, 16, -15, 562.960571
0, 16, -14, 559.681702
0, 16, -13, 561.129578
0, 16, -12, 562.338379
0, 16, -11, 562.150391
0, 16, -10, 563.050964
0, 16, -9, 563.595703
0, 16, -8, 564.089661
0, 16, -7, 563.068359
0, 16, -6, 561.823303
0, 16, -5, 561.841736
0, 16, -4, 563.306152
0, 16, -3, 561.731384
0, 16, -2, 563.23175
0, 16, -1, 562.628052
0, 16, 0, 560.296997
0, 16, 1, 562.38446
0, 16, 2, 561.780334
0, 16, 3, 562.855774
0, 16, 4, 562.268921
0, 16, 5, 562.924316
0, 16, 6, 559.636597
0, 16, 7, 561.083557
0, 16, 8, 562.318359
0, 16, 9, 562.144714
0, 16, 10, 563.044922
0, 16, 11, 563.593994
0, 16, 12, 564.083252
0, 16, 13, 563.058899
0, 16, 14, 561.823608
0, 16, 15, 561.832764
0, 16, 16, 563.278625
0, 16, 17, 561.695801
0, 16, 18, 563.219238
0, 16, 19, 562.614075
0, 16, 20, 560.296021
0, 17, -20, 590.346191
0, 17, -19, 591.647705
0, 17, -18, 592.776306
0, 17, -17, 594.207825
0, 17, -16, 594.339966
0, 17, -15, 593.811096
0, 17, -14, 592.200317
0, 17, -13, 593.199951
0, 17, -12, 593.206177
0, 17, -11, 591.874878
0, 17, -10, 591.824585
0, 17, -9, 593.566406
0, 17, -8, 593.6203
0, 17, -7, 592.036072
0, 17, -6, 590.758118
0, 17, -5, 590.11853
0, 17, -4, 592.741211
0, 17, -3, 593.327271
0, 17, -2, 593.499146
0, 17, -1, 594.32312
0, 17, 0, 593.567566
0, 17, 1, 592.952454
0, 17, 2, 593.160095
0, 17, 3, 593.381897
0, 17, 4, 592.239624
0, 17, 5, 591.63446
0, 17, 6, 589.427734
0, 17, 7, 592.662537
0, 17, 8, 593.439087
0, 17, 9, 592.870728
0, 17, 10, 592.573608
0, 17, 11, 594.067749
0, 17, 12, 593.309998
0, 17, 13, 592.250488
0, 17, 14, 592.674805
0, 17, 15, 591.833801
0, 17, 16, 594.361267
0, 17, 17, 593.018799
0, 17, 18, 593.12384
0, 17, 19, 593.092529
0, 17, 20, 592.479797
0, 18, -20, 560.242249
0, 18, -19, 560.114197
0, 18, -18, 560.432556
0, 18, -17, 560.356384
0, 18, -16, 563.046509
0, 18, -15, 562.729309
0, 18, -14, 561.819641
0, 18, -13, 562.768555
0, 18, -12, 561.987061
0, 18, -11, 560.466675
0, 18, -10, 560.387634
0, 18, -9, 561.046265
0, 18, -8, 561.707336
0, 18, -7, 561.678467
0, 18, -6, 561.305176
0, 18, -5, 560.356934
0, 18, -4, 560.247437
0, 18, -3, 560.460815
0, 18, -2, 560.342041
0, 18, -1, 562.90802
0, 18, 0, 562.516724
0, 18, 1, 561.827698
0, 18, 2, 562.817566
0, 18, 3, 562.022461
0, 18, 4, 560.613403
0, 18, 5, 560.378235
0, 18, 6, 560.784851
0, 18, 7, 561.9823
0, 18, 8, 561.455627
0, 18, 9, 561.203979
0, 18, 10, 560.43866
0, 18, 11, 560.433228
0, 18, 12, 560.189026
0, 18, 13, 560.34198
0, 18, 14, 562.502258
0, 18, 15, 562.300781
0, 18, 16, 562.714722
0, 18, 17, 563.008057
0, 18, 18, 561.795166
0, 18, 19, 560.727234
0, 18, 20, 560.672119
0, 19, -20, 543.537048
0, 19, -19, 543.647034
0, 19, -18, 544.910217
0, 19, -17, 545.063965
0, 19, -16, 547.85675
0, 19, -15, 546.529053
0, 19, -14, 545.720703
0, 19, -13, 546.789612
0, 19, -12, 544.61731
0, 19, -11, 544.309448
0, 19, -10, 543.879395
0, 19, -9, 545.433594
0, 19, -8, 545.347168
0, 19, -7, 544.413452
0, 19, -6, 544.20929
0, 19, -5, 542.692139
0, 19, -4, 543.766052
0, 19, -3, 544.26532
0, 19, -2, 544.131592
0, 19, -1, 546.715637
0, 19, 0, 546.890015
0, 19, 1, 545.833313
0, 19, 2, 546.6745
0, 19, 3, 544.902039
0, 19, 4, 544.770752
0, 19, 5, 543.957275
0, 19, 6, 545.743958
0, 19, 7, 545.504333
0, 19, 8, 544.585266
0, 19, 9, 543.648376
0, 19, 10, 543.138672
0, 19, 11, 543.116577
0, 19, 12, 544.32373
0, 19, 13, 544.283691
0, 19, 14, 547.311768
0, 19, 15, 546.522217
0, 19, 16, 545.487793
0, 19, 17, 546.505432
0, 19, 18, 544.577698
0, 19, 19, 544.206055
0, 19, 20, 543.661072
0, 20, -20, 530.922852
0, 20, -19, 532.044556
0, 20, -18, 532.103516
0, 20, -17, 532.723572
0, 20, -16, 533.271118
0, 20, -15, 533.651306
0, 20, -14, 531.363037
0, 20, -13, 532.88324
0, 20, -12, 532.171082
0, 20, -11, 532.78363
0, 20, -10, 533.036743
0, 20, -9, 535.128723
0, 20, -8, 534.121582
0, 20, -7, 533.778198
0, 20, -6, 533.045593
0, 20, -5, 532.35968
0, 20, -4, 533.794434
0, 20, -3, 532.432129
0, 20, -2, 532.546509
0, 20, -1, 533.247314
0, 20, 0, 533.122498
0, 20, 1, 532.19751
0, 20, 2, 533.505676
0, 20, 3, 532.184875
0, 20, 4, 532.177673
0, 20, 5, 532.583557
0, 20, 6, 533.306091
0, 20, 7, 533.525085
0, 20, 8, 532.626099
0, 20, 9, 531.781433
0, 20, 10, 531.923035
0, 20, 11, 533.916748
0, 20, 12, 533.37384
0, 20, 13, 534.26709
0, 20, 14, 535.27887
0, 20, 15, 534.609619
0, 20, 16, 534.226196
0, 20, 17, 533.436279
0, 20, 18, 531.2229
0, 20, 19, 531.23645
0, 20, 20, 531.792175
1, 9, -20, 537.359680
1, 9, -19, 537.960754
1, 9, -18, 537.854004
1, 9, -17, 537.118469
1, 9, -16, 535.864014
1, 9, -15, 533.756592
1, 9, -14, 534.359741
1, 9, -13, 535.924500
1, 9, -12, 536.445251
1, 9, -11, 535.434753
1, 9, -10, 535.528625
1, 9, -9, 537.736084
1, 9, -8, 537.724426
1, 9, -7, 537.849548
1, 9, -6, 538.577332
1, 9, -5, 537.300232
1, 9, -4, 537.965942
1, 9, -3, 537.899170
1, 9, -2, 537.084778
1, 9, -1, 535.741150
1, 9, 0, 533.552246
1, 9, 1, 534.158569
1, 9, 2, 536.045044
1, 9, 3, 536.441956
1, 9, 4, 535.491699
1, 9, 5, 535.693359
1, 9, 6, 537.951660
1, 9, 7, 537.864441
1, 9, 8, 537.990601
1, 9, 9, 538.613342
1, 9, 10, 537.307495
1, 9, 11, 537.906799
1, 9, 12, 537.730225
1, 9, 13, 536.956360
1, 9, 14, 535.785339
1, 9, 15, 533.517883
1, 9, 16, 534.178772
1, 9, 17, 536.243408
1, 9, 18, 536.477783
1, 9, 19, 535.403564
1, 9, 20, 536.073425
1, 10, -20, 537.480408
1, 10, -19, 536.594421
1, 10, -18, 537.393066
1, 10, -17, 536.514648
1, 10, -16, 537.100891
1, 10, -15, 536.640808
1, 10, -14, 537.813599
1, 10, -13, 537.492004
1, 10, -12, 538.354492
1, 10, -11, 537.810791
1, 10, -10, 537.911987
1, 10, -9, 538.662109
1, 10, -8, 538.479675
1, 10, -7, 538.690430
1, 10, -6, 537.863281
1, 10, -5, 537.612488
1, 10, -4, 537.179504
1, 10, -3, 537.891235
1, 10, -2, 537.558716
1, 10, -1, 536.798645
1, 10, 0, 535.374695
1, 10, 1, 535.482971
1, 10, 2, 537.455688
1, 10, 3, 537.804993
1, 10, 4, 538.327209
1, 10, 5, 537.149048
1, 10, 6, 538.922058
1, 10, 7, 538.348816
1, 10, 8, 538.764343
1, 10, 9, 539.199707
1, 10, 10, 538.625854
1, 10, 11, 538.087463
1, 10, 12, 538.368225
1, 10, 13, 537.941650
1, 10, 14, 536.652466
1, 10, 15, 535.015930
1, 10, 16, 535.278076
1, 10, 17, 536.668091
1, 10, 18, 537.537659
1, 10, 19, 536.728394
1, 10, 20, 536.864319
1, 11, -20, 570.966003
1, 11, -19, 569.492371
1, 11, -18, 570.039917
1, 11, -17, 569.887024
1, 11, -16, 570.659729
1, 11, -15, 570.342285
1, 11, -14, 571.475281
1, 11, -13, 569.870972
1, 11, -12, 569.700684
1, 11, -11, 570.465210
1, 11, -10, 571.279846
1, 11, -9, 569.632263
1, 11, -8, 570.115540
1, 11, -7, 570.121277
1, 11, -6, 569.917114
1, 11, -5, 569.254028
1, 11, -4, 569.547791
1, 11, -3, 571.258423
1, 11, -2, 571.349976
1, 11, -1, 571.429688
1, 11, 0, 571.049866
1, 11, 1, 569.701843
1, 11, 2, 570.238953
1, 11, 3, 569.984558
1, 11, 4, 570.624451
1, 11, 5, 570.367737
1, 11, 6, 571.322021
1, 11, 7, 569.882019
1, 11, 8, 569.712097
1, 11, 9, 570.466675
1, 11, 10, 571.349365
1, 11, 11, 569.520691
1, 11, 12, 569.904480
1, 11, 13, 570.000061
1, 11, 14, 569.948059
1, 11, 15, 569.263611
1, 11, 16, 569.968567
1, 11, 17, 571.577698
1, 11, 18, 571.424072
1, 11, 19, 571.278931
1, 11, 20, 570.548828
1, 12, -20, 590.916809
1, 12, -19, 591.081787
1, 12, -18, 592.056519
1, 12, -17, 591.084717
1, 12, -16, 592.247986
1, 12, -15, 591.705750
1, 12, -14, 592.814331
1, 12, -13, 591.507629
1, 12, -12, 590.631958
1, 12, -11, 591.866333
1, 12, -10, 592.322876
1, 12, -9, 591.985413
1, 12, -8, 591.905090
1, 12, -7, 591.876953
1, 12, -6, 590.950256
1, 12, -5, 591.304993
1, 12, -4, 591.324768
1, 12, -3, 593.007385
1, 12, -2, 593.058167
1, 12, -1, 592.186279
1, 12, 0, 590.923523
1, 12, 1, 591.092041
1, 12, 2, 592.070435
1, 12, 3, 591.092529
1, 12, 4, 592.247864
1, 12, 5, 591.706421
1, 12, 6, 592.810547
1, 12, 7, 591.505554
1, 12, 8, 590.631592
1, 12, 9, 591.893005
1, 12, 10, 592.296631
1, 12, 11, 591.980530
1, 12, 12, 591.892517
1, 12, 13, 591.870789
1, 12, 14, 590.923706
1, 12, 15, 591.352478
1, 12, 16, 591.346436
1, 12, 17, 593.022400
1, 12, 18, 593.054688
1, 12, 19, 592.185852
1, 12, 20, 590.894104
1, 13, -20, 598.524109
1, 13, -19, 598.151855
1, 13, -18, 599.235413
1, 13, -17, 598.354431
1, 13, -16, 598.899414
1, 13, -15, 598.376587
1, 13, -14, 600.166199
1, 13, -13, 598.925293
1, 13, -12, 598.144958
1, 13, -11, 599.345886
1, 13, -10, 599.877441
1, 13, -9, 599.620117
1, 13, -8, 599.598572
1, 13, -7, 599.421570
1, 13, -6, 598.845398
1, 13, -5, 599.127747
1, 13, -4, 599.088196
1, 13, -3, 600.437927
1, 13, -2, 600.687073
1, 13, -1, 599.499451
1, 13, 0, 598.524109
1, 13, 1, 598.151855
1, 13, 2, 599.235107
1, 13, 3, 598.354431
1, 13, 4, 598.899414
1, 13, 5, 598.376587
1, 13, 6, 600.166199
1, 13, 7, 598.925598
1, 13, 8, 598.145142
1, 13, 9, 599.351562
1, 13, 10, 599.873352
1, 13, 11, 599.620117
1, 13, 12, 599.598572
1, 13, 13, 599.421387
1, 13, 14, 598.839661
1, 13, 15, 599.137146
1, 13, 16, 599.094299
1, 13, 17, 600.437500
1, 13, 18, 600.684265
1, 13, 19, 599.499451
1, 13, 20, 598.513794
1, 14, -20, 596.205872
1, 14, -19, 595.740662
1, 14, -18, 597.037598
1, 14, -17, 596.177063
1, 14, -16, 597.493591
1, 14, -15, 597.089661
1, 14, -14, 598.528870
1, 14, -13, 597.319397
1, 14, -12, 596.367432
1, 14, -11, 597.527832
1, 14, -10, 598.299194
1, 14, -9, 597.508789
1, 14, -8, 597.504578
1, 14, -7, 597.749207
1, 14, -6, 597.146362
1, 14, -5, 597.598877
1, 14, -4, 597.465637
1, 14, -3, 598.763611
1, 14, -2, 598.812195
1, 14, -1, 597.791931
1, 14, 0, 596.205872
1, 14, 1, 595.740662
1, 14, 2, 597.037598
1, 14, 3, 596.177063
1, 14, 4, 597.493591
1, 14, 5, 597.089661
1, 14, 6, 598.528870
1, 14, 7, 597.319397
1, 14, 8, 596.367432
1, 14, 9, 597.527832
1, 14, 10, 598.299194
1, 14, 11, 597.508789
1, 14, 12, 597.504578
1, 14, 13, 597.749207
1, 14, 14, 597.146362
1, 14, 15, 597.598877
1, 14, 16, 597.466248
1, 14, 17, 598.763611
1, 14, 18, 598.812195
1, 14, 19, 597.791931
1, 14, 20, 596.204956
1, 15, -20, 580.265015
1, 15, -19, 579.630249
1, 15, -18, 580.553345
1, 15, -17, 581.196472
1, 15, -16, 581.632629
1, 15, -15, 581.166321
1, 15, -14, 582.871277
1, 15, -13, 581.645874
1, 15, -12, 580.911926
1, 15, -11, 582.647400
1, 15, -10, 583.041687
1, 15, -9, 581.715027
1, 15, -8, 582.117920
1, 15, -7, 582.155579
1, 15, -6, 581.650574
1, 15, -5, 581.939697
1, 15, -4, 580.442566
1, 15, -3, 582.164124
1, 15, -2, 583.496460
1, 15, -1, 581.817322
1, 15, 0, 580.265015
1, 15, 1, 579.630249
1, 15, 2, 580.553345
1, 15, 3, 581.196472
1, 15, 4, 581.632629
1, 15, 5, 581.166321
1, 15, 6, 582.871277
1, 15, 7, 581.645874
1, 15, 8, 580.911926
1, 15, 9, 582.647400
1, 15, 10, 583.041687
1, 15, 11, 581.715027
1, 15, 12, 582.117920
1, 15, 13, 582.155579
1, 15, 14, 581.650574
1, 15, 15, 581.939697
1, 15, 16, 580.442566
1, 15, 17, 582.164124
1, 15, 18, 583.496460
1, 15, 19, 581.817322
1, 15, 20, 580.265015
1, 16, -20, 560.262390
1, 16, -19, 559.716431
1, 16, -18, 560.525879
1, 16, -17, 560.983337
1, 16, -16, 561.705200
1, 16, -15, 561.380859
1, 16, -14, 562.559265
1, 16, -13, 561.992798
1, 16, -12, 561.721985
1, 16, -11, 562.605896
1, 16, -10, 562.417542
1, 16, -9, 562.572815
1, 16, -8, 561.979431
1, 16, -7, 561.657166
1, 16, -6, 560.623169
1, 16, -5, 560.692017
1, 16, -4, 560.464844
1, 16, -3, 561.844727
1, 16, -2, 563.149902
1, 16, -1, 561.443481
1, 16, 0, 560.296997
1, 16, 1, 559.691833
1, 16, 2, 560.544983
1, 16, 3, 561.048706
1, 16, 4, 561.863098
1, 16, 5, 561.569763
1, 16, 6, 562.777893
1, 16, 7, 561.995850
1, 16, 8, 561.511597
1, 16, 9, 562.444946
1, 16, 10, 562.380981
1, 16, 11, 562.511292
1, 16, 12, 561.953430
1, 16, 13, 561.673218
1, 16, 14, 560.636902
1, 16, 15, 560.693970
1, 16, 16, 560.455383
1, 16, 17, 561.834595
1, 16, 18, 563.071350
1, 16, 19, 561.437927
1, 16, 20, 560.301453
1, 17, -20, 593.495850
1, 17, -19, 593.684021
1, 17, -18, 594.028870
1, 17, -17, 593.345459
1, 17, -16, 591.747803
1, 17, -15, 592.579102
1, 17, -14, 591.113037
1, 17, -13, 594.127747
1, 17, -12, 593.156799
1, 17, -11, 594.800171
1, 17, -10, 594.575684
1, 17, -9, 595.723328
1, 17, -8, 594.557617
1, 17, -7, 594.943420
1, 17, -6, 593.917419
1, 17, -5, 593.064087
1, 17, -4, 593.530640
1, 17, -3, 594.962219
1, 17, -2, 594.876343
1, 17, -1, 594.286377
1, 17, 0, 593.567566
1, 17, 1, 593.085449
1, 17, 2, 594.254517
1, 17, 3, 592.064148
1, 17, 4, 593.844910
1, 17, 5, 592.416077
1, 17, 6, 595.234741
1, 17, 7, 594.368652
1, 17, 8, 593.674805
1, 17, 9, 593.996704
1, 17, 10, 594.119202
1, 17, 11, 594.597534
1, 17, 12, 594.164185
1, 17, 13, 594.439636
1, 17, 14, 593.298584
1, 17, 15, 593.356689
1, 17, 16, 593.238281
1, 17, 17, 595.263855
1, 17, 18, 595.282654
1, 17, 19, 595.999939
1, 17, 20, 594.582092
1, 18, -20, 564.529175
1, 18, -19, 565.611450
1, 18, -18, 565.133728
1, 18, -17, 564.220398
1, 18, -16, 563.237061
1, 18, -15, 562.393555
1, 18, -14, 562.494751
1, 18, -13, 565.191772
1, 18, -12, 564.994568
1, 18, -11, 565.640625
1, 18, -10, 565.278015
1, 18, -9, 565.869873
1, 18, -8, 565.373474
1, 18, -7, 566.198914
1, 18, -6, 565.755615
1, 18, -5, 564.575256
1, 18, -4, 565.610718
1, 18, -3, 565.172119
1, 18, -2, 564.247742
1, 18, -1, 563.297363
1, 18, 0, 562.516724
1, 18, 1, 562.655640
1, 18, 2, 565.358459
1, 18, 3, 565.212402
1, 18, 4, 565.646057
1, 18, 5, 565.132141
1, 18, 6, 565.813721
1, 18, 7, 565.327698
1, 18, 8, 565.953552
1, 18, 9, 565.802795
1, 18, 10, 564.557190
1, 18, 11, 565.569214
1, 18, 12, 565.007690
1, 18, 13, 564.359558
1, 18, 14, 563.437622
1, 18, 15, 562.580017
1, 18, 16, 562.631165
1, 18, 17, 565.535217
1, 18, 18, 565.311646
1, 18, 19, 565.579651
1, 18, 20, 565.305725
1, 19, -20, 550.567383
1, 19, -19, 550.797180
1, 19, -18, 550.099548
1, 19, -17, 549.662598
1, 19, -16, 549.368286
1, 19, -15, 546.986206
1, 19, -14, 548.370850
1, 19, -13, 550.071350
1, 19, -12, 549.071838
1, 19, -11, 549.094177
1, 19, -10, 549.299194
1, 19, -9, 549.980103
1, 19, -8, 549.753662
1, 19, -7, 551.292480
1, 19, -6, 550.301941
1, 19, -5, 549.728088
1, 19, -4, 550.003845
1, 19, -3, 549.549622
1, 19, -2, 549.373108
1, 19, -1, 548.966553
1, 19, 0, 546.890015
1, 19, 1, 547.881714
1, 19, 2, 550.256042
1, 19, 3, 550.341797
1, 19, 4, 549.682495
1, 19, 5, 549.766541
1, 19, 6, 550.576050
1, 19, 7, 550.337646
1, 19, 8, 550.625671
1, 19, 9, 550.442993
1, 19, 10, 549.445007
1, 19, 11, 550.097839
1, 19, 12, 549.408691
1, 19, 13, 549.097656
1, 19, 14, 548.541809
1, 19, 15, 546.902222
1, 19, 16, 547.416565
1, 19, 17, 549.886353
1, 19, 18, 550.103394
1, 19, 19, 549.544373
1, 19, 20, 549.471008
1, 20, -20, 535.315857
1, 20, -19, 534.317017
1, 20, -18, 534.037842
1, 20, -17, 533.720764
1, 20, -16, 533.876465
1, 20, -15, 533.305725
1, 20, -14, 535.949890
1, 20, -13, 534.962280
1, 20, -12, 533.957642
1, 20, -11, 534.854736
1, 20, -10, 535.082458
1, 20, -9, 533.884399
1, 20, -8, 534.880005
1, 20, -7, 534.588501
1, 20, -6, 533.795471
1, 20, -5, 534.120972
1, 20, -4, 533.847778
1, 20, -3, 534.524048
1, 20, -2, 534.040283
1, 20, -1, 533.756714
1, 20, 0, 533.122498
1, 20, 1, 533.888367
1, 20, 2, 534.749756
1, 20, 3, 534.338257
1, 20, 4, 534.502075
1, 20, 5, 533.957092
1, 20, 6, 535.556824
1, 20, 7, 535.175659
1, 20, 8, 534.522766
1, 20, 9, 535.588684
1, 20, 10, 535.223450
1, 20, 11, 534.732178
1, 20, 12, 534.769592
1, 20, 13, 533.997070
1, 20, 14, 532.349487
1, 20, 15, 531.990662
1, 20, 16, 533.053711
1, 20, 17, 534.633118
1, 20, 18, 533.730042
1, 20, 19, 534.354614
1, 20, 20, 534.394714
2, 9, -20, 532.429321
2, 9, -19, 533.306519
2, 9, -18, 531.596680
2, 9, -17, 532.899231
2, 9, -16, 533.582520
2, 9, -15, 532.284790
2, 9, -14, 533.153198
2, 9, -13, 533.025269
2, 9, -12, 533.931396
2, 9, -11, 533.622253
2, 9, -10, 533.998291
2, 9, -9, 533.390137
2, 9, -8, 533.614868
2, 9, -7, 533.263733
2, 9, -6, 533.504761
2, 9, -5, 533.814453
2, 9, -4, 533.436279
2, 9, -3, 533.808960
2, 9, -2, 533.100586
2, 9, -1, 533.128357
2, 9, 0, 533.552246
2, 9, 1, 533.262085
2, 9, 2, 533.488525
2, 9, 3, 533.522156
2, 9, 4, 533.414124
2, 9, 5, 533.405579
2, 9, 6, 533.536499
2, 9, 7, 534.008606
2, 9, 8, 533.294312
2, 9, 9, 533.338562
2, 9, 10, 532.420410
2, 9, 11, 533.302307
2, 9, 12, 531.583923
2, 9, 13, 532.895752
2, 9, 14, 533.586731
2, 9, 15, 532.277344
2, 9, 16, 533.145386
2, 9, 17, 533.015198
2, 9, 18, 533.932129
2, 9, 19, 533.624023
2, 9, 20, 534.006348
2, 10, -20, 535.583740
2, 10, -19, 534.857910
2, 10, -18, 534.319336
2, 10, -17, 534.465942
2, 10, -16, 535.449036
2, 10, -15, 533.665833
2, 10, -14, 535.311340
2, 10, -13, 534.657593
2, 10, -12, 535.513184
2, 10, -11, 534.897034
2, 10, -10, 534.895996
2, 10, -9, 535.046021
2, 10, -8, 535.422180
2, 10, -7, 535.166748
2, 10, -6, 535.153015
2, 10, -5, 535.452759
2, 10, -4, 535.132141
2, 10, -3, 535.513428
2, 10, -2, 534.978760
2, 10, -1, 534.301697
2, 10, 0, 535.374695
2, 10, 1, 534.865540
2, 10, 2, 535.465393
2, 10, 3, 535.392700
2, 10, 4, 535.169189
2, 10, 5, 535.229309
2, 10, 6, 535.246155
2, 10, 7, 535.676453
2, 10, 8, 535.243042
2, 10, 9, 535.249634
2, 10, 10, 535.583801
2, 10, 11, 534.857727
2, 10, 12, 534.318909
2, 10, 13, 534.465515
2, 10, 14, 535.449036
2, 10, 15, 533.665344
2, 10, 16, 535.310303
2, 10, 17, 534.656311
2, 10, 18, 535.513245
2, 10, 19, 534.897156
2, 10, 20, 534.896790
2, 11, -20, 570.890442
2, 11, -19, 570.592285
2, 11, -18, 570.784485
2, 11, -17, 571.733459
2, 11, -16, 571.776123
2, 11, -15, 571.505371
2, 11, -14, 571.359070
2, 11, -13, 571.433960
2, 11, -12, 571.713867
2, 11, -11, 571.578369
2, 11, -10, 571.993774
2, 11, -9, 571.752075
2, 11, -8, 572.108215
2, 11, -7, 571.781677
2, 11, -6, 571.884460
2, 11, -5, 572.117126
2, 11, -4, 571.841309
2, 11, -3, 571.712830
2, 11, -2, 571.756165
2, 11, -1, 571.039917
2, 11, 0, 571.049866
2, 11, 1, 570.982971
2, 11, 2, 569.452209
2, 11, 3, 569.645813
2, 11, 4, 571.981873
2, 11, 5, 571.774902
2, 11, 6, 571.492004
2, 11, 7, 572.069885
2, 11, 8, 571.669434
2, 11, 9, 571.786804
2, 11, 10, 570.890442
2, 11, 11, 570.592285
2, 11, 12, 570.784485
2, 11, 13, 571.733459
2, 11, 14, 571.776123
2, 11, 15, 571.505371
2, 11, 16, 571.359070
2, 11, 17, 571.433960
2, 11, 18, 571.713867
2, 11, 19, 571.578369
2, 11, 20, 571.993774
2, 12, -20, 589.447449
2, 12, -19, 590.238586
2, 12, -18, 590.119751
2, 12, -17, 591.059204
2, 12, -16, 591.050720
2, 12, -15, 590.866272
2, 12, -14, 591.264343
2, 12, -13, 591.146667
2, 12, -12, 590.653748
2, 12, -11, 590.857361
2, 12, -10, 591.230225
2, 12, -9, 591.125977
2, 12, -8, 591.210388
2, 12, -7, 591.186707
2, 12, -6, 591.273743
2, 12, -5, 591.385742
2, 12, -4, 591.033936
2, 12, -3, 591.234009
2, 12, -2, 590.918579
2, 12, -1, 590.095703
2, 12, 0, 590.923523
2, 12, 1, 589.942261
2, 12, 2, 588.856506
2, 12, 3, 589.610352
2, 12, 4, 591.434021
2, 12, 5, 590.871033
2, 12, 6, 590.906677
2, 12, 7, 591.150330
2, 12, 8, 591.070435
2, 12, 9, 590.764160
2, 12, 10, 589.447449
2, 12, 11, 590.238586
2, 12, 12, 590.119751
2, 12, 13, 591.059204
2, 12, 14, 591.050720
2, 12, 15, 590.866272
2, 12, 16, 591.264343
2, 12, 17, 591.146667
2, 12, 18, 590.653748
2, 12, 19, 590.857361
2, 12, 20, 591.230225
2, 13, -20, 597.447937
2, 13, -19, 598.230835
2, 13, -18, 598.006104
2, 13, -17, 599.018005
2, 13, -16, 599.022400
2, 13, -15, 598.830322
2, 13, -14, 599.310791
2, 13, -13, 599.114502
2, 13, -12, 598.626770
2, 13, -11, 598.806213
2, 13, -10, 599.184387
2, 13, -9, 599.091431
2, 13, -8, 599.088501
2, 13, -7, 599.206787
2, 13, -6, 599.225098
2, 13, -5, 599.372314
2, 13, -4, 599.005981
2, 13, -3, 599.283203
2, 13, -2, 598.963257
2, 13, -1, 598.752075
2, 13, 0, 598.524109
2, 13, 1, 598.047607
2, 13, 2, 596.745483
2, 13, 3, 597.534302
2, 13, 4, 599.361694
2, 13, 5, 598.863281
2, 13, 6, 598.884644
2, 13, 7, 599.127258
2, 13, 8, 599.036133
2, 13, 9, 598.845825
2, 13, 10, 597.447937
2, 13, 11, 598.230835
2, 13, 12, 598.006104
2, 13, 13, 599.018005
2, 13, 14, 599.022400
2, 13, 15, 598.830322
2, 13, 16, 599.310791
2, 13, 17, 599.114502
2, 13, 18, 598.626770
2, 13, 19, 598.806213
2, 13, 20, 599.184387
2, 14, -20, 595.054688
2, 14, -19, 595.664124
2, 14, -18, 595.344360
2, 14, -17, 596.187744
2, 14, -16, 596.184204
2, 14, -15, 596.062866
2, 14, -14, 596.547241
2, 14, -13, 596.268616
2, 14, -12, 596.356812
2, 14, -11, 596.143127
2, 14, -10, 596.490601
2, 14, -9, 596.279358
2, 14, -8, 596.361694
2, 14, -7, 596.465881
2, 14, -6, 596.474121
2, 14, -5, 596.536987
2, 14, -4, 596.283447
2, 14, -3, 596.505920
2, 14, -2, 596.181152
2, 14, -1, 595.468445
2, 14, 0, 596.205872
2, 14, 1, 595.196594
2, 14, 2, 594.215210
2, 14, 3, 595.112915
2, 14, 4, 596.620667
2, 14, 5, 596.112732
2, 14, 6, 596.010620
2, 14, 7, 596.308044
2, 14, 8, 596.297424
2, 14, 9, 596.014587
2, 14, 10, 595.054688
2, 14, 11, 595.664124
2, 14, 12, 595.344360
2, 14, 13, 596.187744
2, 14, 14, 596.184204
2, 14, 15, 596.062866
2, 14, 16, 596.547241
2, 14, 17, 596.268616
2, 14, 18, 596.356812
2, 14, 19, 596.143127
2, 14, 20, 596.490601
2, 15, -20, 578.996582
2, 15, -19, 579.509827
2, 15, -18, 579.779358
2, 15, -17, 580.322510
2, 15, -16, 580.364014
2, 15, -15, 579.892090
2, 15, -14, 580.551941
2, 15, -13, 580.252197
2, 15, -12, 579.886230
2, 15, -11, 580.032288
2, 15, -10, 580.455200
2, 15, -9, 580.330994
2, 15, -8, 580.450012
2, 15, -7, 580.584473
2, 15, -6, 580.491516
2, 15, -5, 580.377319
2, 15, -4, 580.299011
2, 15, -3, 580.553711
2, 15, -2, 580.499084
2, 15, -1, 579.825073
2, 15, 0, 580.265015
2, 15, 1, 579.341980
2, 15, 2, 578.222961
2, 15, 3, 579.200928
2, 15, 4, 580.715698
2, 15, 5, 580.193237
2, 15, 6, 579.894531
2, 15, 7, 580.385620
2, 15, 8, 580.346741
2, 15, 9, 580.107178
2, 15, 10, 578.996582
2, 15, 11, 579.509827
2, 15, 12, 579.779358
2, 15, 13, 580.322510
2, 15, 14, 580.364014
2, 15, 15, 579.892090
2, 15, 16, 580.551941
2, 15, 17, 580.252197
2, 15, 18, 579.886230
2, 15, 19, 580.032288
2, 15, 20, 580.455200
2, 16, -20, 558.540161
2, 16, -19, 559.501953
2, 16, -18, 559.190552
2, 16, -17, 560.119141
2, 16, -16, 560.108337
2, 16, -15, 559.967407
2, 16, -14, 560.380127
2, 16, -13, 560.078857
2, 16, -12, 559.672302
2, 16, -11, 559.859619
2, 16, -10, 560.213501
2, 16, -9, 560.193665
2, 16, -8, 560.080017
2, 16, -7, 560.283142
2, 16, -6, 560.304565
2, 16, -5, 560.423279
2, 16, -4, 560.083557
2, 16, -3, 560.288574
2, 16, -2, 559.989868
2, 16, -1, 559.219360
2, 16, 0, 560.296997
2, 16, 1, 558.833801
2, 16, 2, 558.358337
2, 16, 3, 559.244568
2, 16, 4, 560.429810
2, 16, 5, 559.892029
2, 16, 6, 559.843628
2, 16, 7, 560.126831
2, 16, 8, 560.038574
2, 16, 9, 559.730530
2, 16, 10, 558.540161
2, 16, 11, 559.501953
2, 16, 12, 559.190552
2, 16, 13, 560.119141
2, 16, 14, 560.108337
2, 16, 15, 559.967407
2, 16, 16, 560.380127
2, 16, 17, 560.078857
2, 16, 18, 559.672302
2, 16, 19, 559.859619
2, 16, 20, 560.213501
2, 17, -20, 593.724182
2, 17, -19, 593.618530
2, 17, -18, 593.418457
2, 17, -17, 593.829346
2, 17, -16, 594.325195
2, 17, -15, 594.243958
2, 17, -14, 594.300476
2, 17, -13, 594.236877
2, 17, -12, 594.265686
2, 17, -11, 594.252686
2, 17, -10, 594.558167
2, 17, -9, 594.489441
2, 17, -8, 594.414062
2, 17, -7, 593.998291
2, 17, -6, 594.172607
2, 17, -5, 593.695557
2, 17, -4, 593.967773
2, 17, -3, 594.219482
2, 17, -2, 594.203796
2, 17, -1, 594.028687
2, 17, 0, 593.567566
2, 17, 1, 593.865356
2, 17, 2, 592.153259
2, 17, 3, 592.843323
2, 17, 4, 594.317261
2, 17, 5, 594.219971
2, 17, 6, 593.982422
2, 17, 7, 594.425232
2, 17, 8, 594.325989
2, 17, 9, 594.149231
2, 17, 10, 593.724182
2, 17, 11, 593.618530
2, 17, 12, 593.418457
2, 17, 13, 593.829346
2, 17, 14, 594.325195
2, 17, 15, 594.243958
2, 17, 16, 594.300476
2, 17, 17, 594.236877
2, 17, 18, 594.265686
2, 17, 19, 594.252686
2, 17, 20, 594.558167
2, 18, -20, 562.316040
2, 18, -19, 562.103760
2, 18, -18, 562.370728
2, 18, -17, 562.964172
2, 18, -16, 563.214478
2, 18, -15, 563.223022
2, 18, -14, 563.111511
2, 18, -13, 562.696411
2, 18, -12, 563.219971
2, 18, -11, 562.965454
2, 18, -10, 563.326538
2, 18, -9, 563.283997
2, 18, -8, 563.134766
2, 18, -7, 562.533752
2, 18, -6, 562.730774
2, 18, -5, 561.182678
2, 18, -4, 562.049866
2, 18, -3, 562.626404
2, 18, -2, 563.019714
2, 18, -1, 562.784729
2, 18, 0, 562.516724
2, 18, 1, 562.975220
2, 18, 2, 562.660767
2, 18, 3, 562.971802
2, 18, 4, 563.107239
2, 18, 5, 563.000793
2, 18, 6, 562.872070
2, 18, 7, 563.569946
2, 18, 8, 562.996948
2, 18, 9, 563.145752
2, 18, 10, 562.316040
2, 18, 11, 562.103760
2, 18, 12, 562.370728
2, 18, 13, 562.964172
2, 18, 14, 563.214478
2, 18, 15, 563.223022
2, 18, 16, 563.111511
2, 18, 17, 562.696411
2, 18, 18, 563.219971
2, 18, 19, 562.965454
2, 18, 20, 563.326538
2, 19, -20, 547.270691
2, 19, -19, 546.599670
2, 19, -18, 546.914062
2, 19, -17, 546.644592
2, 19, -16, 546.958801
2, 19, -15, 546.987793
2, 19, -14, 547.129700
2, 19, -13, 546.466858
2, 19, -12, 547.281311
2, 19, -11, 546.933411
2, 19, -10, 547.310974
2, 19, -9, 547.047607
2, 19, -8, 547.112793
2, 19, -7, 546.841003
2, 19, -6, 546.857422
2, 19, -5, 546.784241
2, 19, -4, 546.773682
2, 19, -3, 547.251160
2, 19, -2, 546.654358
2, 19, -1, 546.636902
2, 19, 0, 546.890015
2, 19, 1, 546.680176
2, 19, 2, 546.695923
2, 19, 3, 546.923645
2, 19, 4, 547.092896
2, 19, 5, 547.138184
2, 19, 6, 546.975708
2, 19, 7, 547.666321
2, 19, 8, 547.479492
2, 19, 9, 547.471741
2, 19, 10, 547.270691
2, 19, 11, 546.599670
2, 19, 12, 546.914062
2, 19, 13, 546.644592
2, 19, 14, 546.958801
2, 19, 15, 546.987793
2, 19, 16, 547.129700
2, 19, 17, 546.466858
2, 19, 18, 547.281311
2, 19, 19, 546.933411
2, 19, 20, 547.310974
2, 20, -20, 532.994080
2, 20, -19, 533.648621
2, 20, -18, 533.438171
2, 20, -17, 533.705200
2, 20, -16, 533.600830
2, 20, -15, 533.620422
2, 20, -14, 533.322266
2, 20, -13, 533.755188
2, 20, -12, 533.665710
2, 20, -11, 533.386841
2, 20, -10, 533.333313
2, 20, -9, 533.279602
2, 20, -8, 533.275208
2, 20, -7, 533.839905
2, 20, -6, 533.669006
2, 20, -5, 533.705261
2, 20, -4, 533.598633
2, 20, -3, 534.070190
2, 20, -2, 533.398987
2, 20, -1, 533.350281
2, 20, 0, 533.122498
2, 20, 1, 532.324585
2, 20, 2, 532.546448
2, 20, 3, 530.864258
2, 20, 4, 533.890076
2, 20, 5, 533.952881
2, 20, 6, 533.810547
2, 20, 7, 533.871948
2, 20, 8, 534.188904
2, 20, 9, 533.738403
2, 20, 10, 532.986450
2, 20, 11, 533.667480
2, 20, 12, 533.451965
2, 20, 13, 533.718262
2, 20, 14, 533.584473
2, 20, 15, 533.614075
2, 20, 16, 533.317688
2, 20, 17, 533.743469
2, 20, 18, 533.660400
2, 20, 19, 533.388489
2, 20, 20, 533.324097
3, 9, -20, 533.114746
3, 9, -19, 533.829346
3, 9, -18, 533.862488
3, 9, -17, 533.473022
3, 9, -16, 533.983521
3, 9, -15, 533.571960
3, 9, -14, 533.979126
3, 9, -13, 533.702026
3, 9, -12, 534.046326
3, 9, -11, 533.651123
3, 9, -10, 533.468201
3, 9, -9, 533.859741
3, 9, -8, 533.501953
3, 9, -7, 533.930542
3, 9, -6, 533.341187
3, 9, -5, 532.967102
3, 9, -4, 533.844543
3, 9, -3, 533.883179
3, 9, -2, 533.498108
3, 9, -1, 534.011414
3, 9, 0, 533.552246
3, 9, 1, 534.007385
3, 9, 2, 533.779236
3, 9, 3, 534.045044
3, 9, 4, 533.825867
3, 9, 5, 533.464478
3, 9, 6, 533.848022
3, 9, 7, 533.501770
3, 9, 8, 533.927612
3, 9, 9, 533.347168
3, 9, 10, 532.933533
3, 9, 11, 533.763184
3, 9, 12, 533.811279
3, 9, 13, 533.434082
3, 9, 14, 534.004822
3, 9, 15, 533.545532
3, 9, 16, 533.920410
3, 9, 17, 533.623596
3, 9, 18, 534.005188
3, 9, 19, 533.562561
3, 9, 20, 533.429260
3, 10, -20, 534.902405
3, 10, -19, 535.656860
3, 10, -18, 535.770691
3, 10, -17, 535.456055
3, 10, -16, 535.686829
3, 10, -15, 535.376587
3, 10, -14, 535.713196
3, 10, -13, 535.476929
3, 10, -12, 535.743835
3, 10, -11, 535.500488
3, 10, -10, 535.319092
3, 10, -9, 535.257324
3, 10, -8, 535.329651
3, 10, -7, 535.752747
3, 10, -6, 535.674988
3, 10, -5, 534.875854
3, 10, -4, 535.656006
3, 10, -3, 535.770203
3, 10, -2, 535.456055
3, 10, -1, 535.686646
3, 10, 0, 535.374695
3, 10, 1, 535.713135
3, 10, 2, 535.476929
3, 10, 3, 535.743835
3, 10, 4, 535.527039
3, 10, 5, 535.320435
3, 10, 6, 535.258301
3, 10, 7, 535.332275
3, 10, 8, 535.755188
3, 10, 9, 535.678223
3, 10, 10, 534.876282
3, 10, 11, 535.651001
3, 10, 12, 535.766602
3, 10, 13, 535.453430
3, 10, 14, 535.691406
3, 10, 15, 535.376343
3, 10, 16, 535.706726
3, 10, 17, 535.474609
3, 10, 18, 535.739990
3, 10, 19, 535.490417
3, 10, 20, 535.320679
3, 11, -20, 571.118103
3, 11, -19, 571.217712
3, 11, -18, 571.760742
3, 11, -17, 571.697327
3, 11, -16, 571.397400
3, 11, -15, 571.049866
3, 11, -14, 571.040405
3, 11, -13, 571.650513
3, 11, -12, 571.737793
3, 11, -11, 570.709839
3, 11, -10, 571.129395
3, 11, -9, 570.866516
3, 11, -8, 570.148621
3, 11, -7, 571.097595
3, 11, -6, 571.094971
3, 11, -5, 571.118103
3, 11, -4, 571.217712
3, 11, -3, 571.760742
3, 11, -2, 571.697327
3, 11, -1, 571.397400
3, 11, 0, 571.049866
3, 11, 1, 571.040405
3, 11, 2, 571.650513
3, 11, 3, 571.737793
3, 11, 4, 570.709839
3, 11, 5, 571.129395
3, 11, 6, 570.866516
3, 11, 7, 570.148621
3, 11, 8, 571.097595
3, 11, 9, 571.094971
3, 11, 10, 571.118103
3, 11, 11, 571.217712
3, 11, 12, 571.760742
3, 11, 13, 571.697327
3, 11, 14, 571.397400
3, 11, 15, 571.049866
3, 11, 16, 571.040405
3, 11, 17, 571.650513
3, 11, 18, 571.737793
3, 11, 19, 570.709839
3, 11, 20, 571.129395
3, 12, -20, 591.950745
3, 12, -19, 591.820740
3, 12, -18, 592.663513
3, 12, -17, 592.634033
3, 12, -16, 592.279602
3, 12, -15, 590.923523
3, 12, -14, 590.925903
3, 12, -13, 592.531860
3, 12, -12, 592.117432
3, 12, -11, 591.649597
3, 12, -10, 592.131409
3, 12, -9, 591.760742
3, 12, -8, 591.451843
3, 12, -7, 591.928711
3, 12, -6, 592.392212
3, 12, -5, 591.950745
3, 12, -4, 591.820740
3, 12, -3, 592.663513
3, 12, -2, 592.634033
3, 12, -1, 592.279602
3, 12, 0, 590.923523
3, 12, 1, 590.925903
3, 12, 2, 592.531860
3, 12, 3, 592.117432
3, 12, 4, 591.649597
3, 12, 5, 592.131409
3, 12, 6, 591.760742
3, 12, 7, 591.451843
3, 12, 8, 591.928711
3, 12, 9, 592.392212
3, 12, 10, 591.950745
3, 12, 11, 591.820740
3, 12, 12, 592.663513
3, 12, 13, 592.634033
3, 12, 14, 592.279602
3, 12, 15, 590.923523
3, 12, 16, 590.925903
3, 12, 17, 592.531860
3, 12, 18, 592.117432
3, 12, 19, 591.649597
3, 12, 20, 592.131409
3, 13, -20, 599.407593
3, 13, -19, 599.364807
3, 13, -18, 600.188660
3, 13, -17, 600.063354
3, 13, -16, 599.807861
3, 13, -15, 598.524109
3, 13, -14, 598.333191
3, 13, -13, 600.115601
3, 13, -12, 599.663208
3, 13, -11, 599.159058
3, 13, -10, 599.628479
3, 13, -9, 599.242371
3, 13, -8, 598.892334
3, 13, -7, 599.366821
3, 13, -6, 600.063538
3, 13, -5, 599.407593
3, 13, -4, 599.364807
3, 13, -3, 600.188660
3, 13, -2, 600.063354
3, 13, -1, 599.807861
3, 13, 0, 598.524109
3, 13, 1, 598.333191
3, 13, 2, 600.115601
3, 13, 3, 599.663208
3, 13, 4, 599.159058
3, 13, 5, 599.628479
3, 13, 6, 599.242371
3, 13, 7, 598.892334
3, 13, 8, 599.366821
3, 13, 9, 600.063538
3, 13, 10, 599.407593
3, 13, 11, 599.364807
3, 13, 12, 600.188660
3, 13, 13, 600.063354
3, 13, 14, 599.807861
3, 13, 15, 598.524109
3, 13, 16, 598.333191
3, 13, 17, 600.115601
3, 13, 18, 599.663208
3, 13, 19, 599.159058
3, 13, 20, 599.628479
3, 14, -20, 597.099915
3, 14, -19, 597.026123
3, 14, -18, 597.729492
3, 14, -17, 597.818909
3, 14, -16, 597.516235
3, 14, -15, 596.205872
3, 14, -14, 596.099243
3, 14, -13, 597.601746
3, 14, -12, 597.283081
3, 14, -11, 596.869751
3, 14, -10, 597.327148
3, 14, -9, 597.134583
3, 14, -8, 596.630615
3, 14, -7, 597.293762
3, 14, -6, 597.692749
3, 14, -5, 597.099915
3, 14, -4, 597.026123
3, 14, -3, 597.729492
3, 14, -2, 597.818909
3, 14, -1, 597.516235
3, 14, 0, 596.205872
3, 14, 1, 596.099243
3, 14, 2, 597.601746
3, 14, 3, 597.283081
3, 14, 4, 596.869751
3, 14, 5, 597.327148
3, 14, 6, 597.134583
3, 14, 7, 596.630615
3, 14, 8, 597.293762
3, 14, 9, 597.692749
3, 14, 10, 597.099915
3, 14, 11, 597.026123
3, 14, 12, 597.729492
3, 14, 13, 597.818909
3, 14, 14, 597.516235
3, 14, 15, 596.205872
3, 14, 16, 596.099243
3, 14, 17, 597.601746
3, 14, 18, 597.283081
3, 14, 19, 596.869751
3, 14, 20, 597.327148
3, 15, -20, 581.037598
3, 15, -19, 581.094543
3, 15, -18, 581.573669
3, 15, -17, 581.367554
3, 15, -16, 581.067749
3, 15, -15, 580.265015
3, 15, -14, 580.158630
3, 15, -13, 581.806885
3, 15, -12, 581.478760
3, 15, -11, 580.812256
3, 15, -10, 581.158752
3, 15, -9, 580.950073
3, 15, -8, 580.334106
3, 15, -7, 580.977600
3, 15, -6, 581.508789
3, 15, -5, 581.037598
3, 15, -4, 581.094543
3, 15, -3, 581.573669
3, 15, -2, 581.367554
3, 15, -1, 581.067749
3, 15, 0, 580.265015
3, 15, 1, 580.158630
3, 15, 2, 581.806885
3, 15, 3, 581.478760
3, 15, 4, 580.812256
3, 15, 5, 581.158752
3, 15, 6, 580.950073
3, 15, 7, 580.334106
3, 15, 8, 580.977600
3, 15, 9, 581.508789
3, 15, 10, 581.037598
3, 15, 11, 581.094543
3, 15, 12, 581.573669
3, 15, 13, 581.367554
3, 15, 14, 581.067749
3, 15, 15, 580.265015
3, 15, 16, 580.158630
3, 15, 17, 581.806885
3, 15, 18, 581.478760
3, 15, 19, 580.812256
3, 15, 20, 581.158752
3, 16, -20, 560.830200
3, 16, -19, 561.025146
3, 16, -18, 561.914429
3, 16, -17, 561.608154
3, 16, -16, 560.998779
3, 16, -15, 560.296997
3, 16, -14, 560.411438
3, 16, -13, 561.612244
3, 16, -12, 561.576782
3, 16, -11, 561.107056
3, 16, -10, 561.557373
3, 16, -9, 561.261597
3, 16, -8, 560.473755
3, 16, -7, 561.148682
3, 16, -6, 561.266235
3, 16, -5, 560.830200
3, 16, -4, 561.025146
3, 16, -3, 561.914429
3, 16, -2, 561.608154
3, 16, -1, 560.998779
3, 16, 0, 560.296997
3, 16, 1, 560.411438
3, 16, 2, 561.612244
3, 16, 3, 561.576782
3, 16, 4, 561.107056
3, 16, 5, 561.557373
3, 16, 6, 561.261597
3, 16, 7, 560.473755
3, 16, 8, 561.148682
3, 16, 9, 561.266235
3, 16, 10, 560.830200
3, 16, 11, 561.025146
3, 16, 12, 561.914429
3, 16, 13, 561.608154
3, 16, 14, 560.998779
3, 16, 15, 560.296997
3, 16, 16, 560.411438
3, 16, 17, 561.612244
3, 16, 18, 561.576782
3, 16, 19, 561.107056
3, 16, 20, 561.557373
3, 17, -20, 593.696045
3, 17, -19, 594.449402
3, 17, -18, 594.782349
3, 17, -17, 594.812744
3, 17, -16, 594.621704
3, 17, -15, 593.567566
3, 17, -14, 593.709351
3, 17, -13, 594.654236
3, 17, -12, 594.589539
3, 17, -11, 593.942627
3, 17, -10, 594.442871
3, 17, -9, 594.259705
3, 17, -8, 593.200867
3, 17, -7, 594.393555
3, 17, -6, 595.019897
3, 17, -5, 593.696045
3, 17, -4, 594.449402
3, 17, -3, 594.782349
3, 17, -2, 594.812744
3, 17, -1, 594.621704
3, 17, 0, 593.567566
3, 17, 1, 593.709351
3, 17, 2, 594.654236
3, 17, 3, 594.589539
3, 17, 4, 593.942627
3, 17, 5, 594.442871
3, 17, 6, 594.259705
3, 17, 7, 593.200867
3, 17, 8, 594.393555
3, 17, 9, 595.019897
3, 17, 10, 593.696045
3, 17, 11, 594.449402
3, 17, 12, 594.782349
3, 17, 13, 594.812744
3, 17, 14, 594.621704
3, 17, 15, 593.567566
3, 17, 16, 593.709351
3, 17, 17, 594.654236
3, 17, 18, 594.589539
3, 17, 19, 593.942627
3, 17, 20, 594.442871
3, 18, -20, 562.858459
3, 18, -19, 563.436646
3, 18, -18, 562.883484
3, 18, -17, 562.417175
3, 18, -16, 563.020386
3, 18, -15, 562.516724
3, 18, -14, 563.073975
3, 18, -13, 562.624695
3, 18, -12, 563.196167
3, 18, -11, 562.595154
3, 18, -10, 562.721191
3, 18, -9, 563.068970
3, 18, -8, 562.185059
3, 18, -7, 563.314636
3, 18, -6, 563.381714
3, 18, -5, 562.858459
3, 18, -4, 563.436646
3, 18, -3, 562.883484
3, 18, -2, 562.417175
3, 18, -1, 563.020386
3, 18, 0, 562.516724
3, 18, 1, 563.073975
3, 18, 2, 562.624695
3, 18, 3, 563.196167
3, 18, 4, 562.595154
3, 18, 5, 562.721191
3, 18, 6, 563.068970
3, 18, 7, 562.185059
3, 18, 8, 563.314636
3, 18, 9, 563.381714
3, 18, 10, 562.858459
3, 18, 11, 563.436646
3, 18, 12, 562.883484
3, 18, 13, 562.417175
3, 18, 14, 563.020386
3, 18, 15, 562.516724
3, 18, 16, 563.073975
3, 18, 17, 562.624695
3, 18, 18, 563.196167
3, 18, 19, 562.595154
3, 18, 20, 562.721191
3, 19, -20, 546.677673
3, 19, -19, 547.226685
3, 19, -18, 546.984314
3, 19, -17, 546.617188
3, 19, -16, 547.404968
3, 19, -15, 546.890015
3, 19, -14, 547.234924
3, 19, -13, 546.960266
3, 19, -12, 547.578064
3, 19, -11, 546.929688
3, 19, -10, 546.610962
3, 19, -9, 547.339905
3, 19, -8, 546.500122
3, 19, -7, 547.633667
3, 19, -6, 547.337341
3, 19, -5, 546.677673
3, 19, -4, 547.226685
3, 19, -3, 546.984314
3, 19, -2, 546.617188
3, 19, -1, 547.404968
3, 19, 0, 546.890015
3, 19, 1, 547.234924
3, 19, 2, 546.960266
3, 19, 3, 547.578064
3, 19, 4, 546.929688
3, 19, 5, 546.610962
3, 19, 6, 547.339905
3, 19, 7, 546.500122
3, 19, 8, 547.633667
3, 19, 9, 547.337341
3, 19, 10, 546.677673
3, 19, 11, 547.226685
3, 19, 12, 546.984314
3, 19, 13, 546.617188
3, 19, 14, 547.404968
3, 19, 15, 546.890015
3, 19, 16, 547.234924
3, 19, 17, 546.960266
3, 19, 18, 547.578064
3, 19, 19, 546.929688
3, 19, 20, 546.610962
3, 20, -20, 532.421753
3, 20, -19, 533.303040
3, 20, -18, 533.346313
3, 20, -17, 533.549622
3, 20, -16, 533.179810
3, 20, -15, 533.073303
3, 20, -14, 532.883118
3, 20, -13, 532.926025
3, 20, -12, 533.509949
3, 20, -11, 533.039368
3, 20, -10, 533.275208
3, 20, -9, 533.116028
3, 20, -8, 532.899048
3, 20, -7, 532.885986
3, 20, -6, 533.983215
3, 20, -5, 532.385681
3, 20, -4, 533.147705
3, 20, -3, 533.357361
3, 20, -2, 533.536255
3, 20, -1, 533.245056
3, 20, 0, 533.122498
3, 20, 1, 532.933960
3, 20, 2, 532.867310
3, 20, 3, 533.481506
3, 20, 4, 533.013855
3, 20, 5, 533.300781
3, 20, 6, 533.129089
3, 20, 7, 532.944702
3, 20, 8, 532.867493
3, 20, 9, 534.015808
3, 20, 10, 532.331360
3, 20, 11, 533.122803
3, 20, 12, 533.344116
3, 20, 13, 533.518494
3, 20, 14, 533.213257
3, 20, 15, 533.093567
3, 20, 16, 532.910217
3, 20, 17, 532.812683
3, 20, 18, 533.486877
3, 20, 19, 533.042969
3, 20, 20, 533.337524
4, 9, -20, 534.464600
4, 9, -19, 533.086670
4, 9, -18, 534.034119
4, 9, -17, 534.108093
4, 9, -16, 532.395874
4, 9, -15, 533.550537
4, 9, -14, 534.782227
4, 9, -13, 533.709167
4, 9, -12, 534.768066
4, 9, -11, 534.590149
4, 9, -10, 534.548462
4, 9, -9, 534.086914
4, 9, -8, 534.200317
4, 9, -7, 533.922974
4, 9, -6, 534.742859
4, 9, -5, 534.427429
4, 9, -4, 533.054443
4, 9, -3, 533.985962
4, 9, -2, 534.116089
4, 9, -1, 532.399902
4, 9, 0, 533.552246
4, 9, 1, 534.789124
4, 9, 2, 533.758484
4, 9, 3, 534.808044
4, 9, 4, 534.645996
4, 9, 5, 534.548218
4, 9, 6, 534.125732
4, 9, 7, 534.200928
4, 9, 8, 533.933472
4, 9, 9, 534.677063
4, 9, 10, 534.419373
4, 9, 11, 533.004761
4, 9, 12, 533.991333
4, 9, 13, 534.116272
4, 9, 14, 532.406982
4, 9, 15, 533.583557
4, 9, 16, 534.814819
4, 9, 17, 533.745056
4, 9, 18, 534.813538
4, 9, 19, 534.653748
4, 9, 20, 534.550415
4, 10, -20, 535.160645
4, 10, -19, 534.701538
4, 10, -18, 535.209351
4, 10, -17, 535.250305
4, 10, -16, 534.083191
4, 10, -15, 535.374023
4, 10, -14, 535.585144
4, 10, -13, 534.199768
4, 10, -12, 536.146240
4, 10, -11, 535.644836
4, 10, -10, 535.239441
4, 10, -9, 535.488159
4, 10, -8, 535.047302
4, 10, -7, 534.770630
4, 10, -6, 535.379089
4, 10, -5, 535.160522
4, 10, -4, 534.701538
4, 10, -3, 535.209656
4, 10, -2, 535.250916
4, 10, -1, 534.083923
4, 10, 0, 535.374695
4, 10, 1, 535.586853
4, 10, 2, 534.206238
4, 10, 3, 536.152405
4, 10, 4, 535.653381
4, 10, 5, 535.241028
4, 10, 6, 535.492859
4, 10, 7, 535.053162
4, 10, 8, 534.771912
4, 10, 9, 535.373230
4, 10, 10, 535.160034
4, 10, 11, 534.698242
4, 10, 12, 535.209534
4, 10, 13, 535.250916
4, 10, 14, 534.083923
4, 10, 15, 535.375671
4, 10, 16, 535.587280
4, 10, 17, 534.204651
4, 10, 18, 536.152466
4, 10, 19, 535.652771
4, 10, 20, 535.239990
4, 11, -20, 570.390747
4, 11, -19, 570.570068
4, 11, -18, 570.846741
4, 11, -17, 571.232605
4, 11, -16, 571.318054
4, 11, -15, 571.049866
4, 11, -14, 570.911865
4, 11, -13, 569.278931
4, 11, -12, 571.569946
4, 11, -11, 570.930542
4, 11, -10, 571.312927
4, 11, -9, 571.488098
4, 11, -8, 571.048157
4, 11, -7, 570.777405
4, 11, -6, 570.760315
4, 11, -5, 570.390747
4, 11, -4, 570.570068
4, 11, -3, 570.846741
4, 11, -2, 571.232605
4, 11, -1, 571.318054
4, 11, 0, 571.049866
4, 11, 1, 570.911865
4, 11, 2, 569.278931
4, 11, 3, 571.569946
4, 11, 4, 570.930542
4, 11, 5, 571.312927
4, 11, 6, 571.488098
4, 11, 7, 571.048157
4, 11, 8, 570.777405
4, 11, 9, 570.760315
4, 11, 10, 570.390747
4, 11, 11, 570.570068
4, 11, 12, 570.846741
4, 11, 13, 571.232605
4, 11, 14, 571.318054
4, 11, 15, 571.049866
4, 11, 16, 570.911865
4, 11, 17, 569.278931
4, 11, 18, 571.569946
4, 11, 19, 570.930542
4, 11, 20, 571.312927
4, 12, -20, 588.869629
4, 12, -19, 590.308777
4, 12, -18, 591.219421
4, 12, -17, 590.912109
4, 12, -16, 591.804443
4, 12, -15, 590.923523
4, 12, -14, 590.948669
4, 12, -13, 589.039124
4, 12, -12, 591.415039
4, 12, -11, 591.201294
4, 12, -10, 591.516174
4, 12, -9, 591.306091
4, 12, -8, 589.653015
4, 12, -7, 590.487793
4, 12, -6, 590.075134
4, 12, -5, 588.869629
4, 12, -4, 590.308777
4, 12, -3, 591.219421
4, 12, -2, 590.912109
4, 12, -1, 591.804443
4, 12, 0, 590.923523
4, 12, 1, 590.948669
4, 12, 2, 589.039124
4, 12, 3, 591.415039
4, 12, 4, 591.201294
4, 12, 5, 591.516174
4, 12, 6, 591.306091
4, 12, 7, 589.653015
4, 12, 8, 590.487793
4, 12, 9, 590.075134
4, 12, 10, 588.869629
4, 12, 11, 590.308777
4, 12, 12, 591.219421
4, 12, 13, 590.912109
4, 12, 14, 591.804443
4, 12, 15, 590.923523
4, 12, 16, 590.948669
4, 12, 17, 589.039124
4, 12, 18, 591.415039
4, 12, 19, 591.201294
4, 12, 20, 591.516174
4, 13, -20, 597.099060
4, 13, -19, 598.344177
4, 13, -18, 599.186707
4, 13, -17, 598.631470
4, 13, -16, 599.423462
4, 13, -15, 598.524109
4, 13, -14, 598.656799
4, 13, -13, 596.904968
4, 13, -12, 599.435669
4, 13, -11, 599.324036
4, 13, -10, 599.727783
4, 13, -9, 599.488159
4, 13, -8, 597.135925
4, 13, -7, 598.696960
4, 13, -6, 598.202942
4, 13, -5, 597.099060
4, 13, -4, 598.344177
4, 13, -3, 599.186707
4, 13, -2, 598.631470
4, 13, -1, 599.423462
4, 13, 0, 598.524109
4, 13, 1, 598.656799
4, 13, 2, 596.904968
4, 13, 3, 599.435669
4, 13, 4, 599.324036
4, 13, 5, 599.727783
4, 13, 6, 599.488159
4, 13, 7, 597.135925
4, 13, 8, 598.696960
4, 13, 9, 598.202942
4, 13, 10, 597.099060
4, 13, 11, 598.344177
4, 13, 12, 599.186707
4, 13, 13, 598.631470
4, 13, 14, 599.423462
4, 13, 15, 598.524109
4, 13, 16, 598.656799
4, 13, 17, 596.904968
4, 13, 18, 599.435669
4, 13, 19, 599.324036
4, 13, 20, 599.727783
4, 14, -20, 594.124573
4, 14, -19, 595.274597
4, 14, -18, 595.930115
4, 14, -17, 595.603394
4, 14, -16, 596.647827
4, 14, -15, 596.205872
4, 14, -14, 595.712036
4, 14, -13, 594.235962
4, 14, -12, 596.354248
4, 14, -11, 596.217529
4, 14, -10, 596.506836
4, 14, -9, 596.234131
4, 14, -8, 594.000916
4, 14, -7, 595.528198
4, 14, -6, 595.254456
4, 14, -5, 594.124573
4, 14, -4, 595.274597
4, 14, -3, 595.930115
4, 14, -2, 595.603394
4, 14, -1, 596.647827
4, 14, 0, 596.205872
4, 14, 1, 595.712036
4, 14, 2, 594.235962
4, 14, 3, 596.354248
4, 14, 4, 596.217529
4, 14, 5, 596.506836
4, 14, 6, 596.234131
4, 14, 7, 594.000916
4, 14, 8, 595.528198
4, 14, 9, 595.254456
4, 14, 10, 594.124573
4, 14, 11, 595.274597
4, 14, 12, 595.930115
4, 14, 13, 595.603394
4, 14, 14, 596.647827
4, 14, 15, 596.205872
4, 14, 16, 595.712036
4, 14, 17, 594.235962
4, 14, 18, 596.354248
4, 14, 19, 596.217529
4, 14, 20, 596.506836
4, 15, -20, 579.687927
4, 15, -19, 580.146545
4, 15, -18, 580.377136
4, 15, -17, 580.101196
4, 15, -16, 580.705872
4, 15, -15, 580.265015
4, 15, -14, 580.108887
4, 15, -13, 578.421387
4, 15, -12, 580.925537
4, 15, -11, 580.755737
4, 15, -10, 581.214600
4, 15, -9, 581.050110
4, 15, -8, 579.005127
4, 15, -7, 580.283447
4, 15, -6, 580.128723
4, 15, -5, 579.687927
4, 15, -4, 580.146545
4, 15, -3, 580.377136
4, 15, -2, 580.101196
4, 15, -1, 580.705872
4, 15, 0, 580.265015
4, 15, 1, 580.108887
4, 15, 2, 578.421387
4, 15, 3, 580.925537
4, 15, 4, 580.755737
4, 15, 5, 581.214600
4, 15, 6, 581.050110
4, 15, 7, 579.005127
4, 15, 8, 580.283447
4, 15, 9, 580.128723
4, 15, 10, 579.687927
4, 15, 11, 580.146545
4, 15, 12, 580.377136
4, 15, 13, 580.101196
4, 15, 14, 580.705872
4, 15, 15, 580.265015
4, 15, 16, 580.108887
4, 15, 17, 578.421387
4, 15, 18, 580.925537
4, 15, 19, 580.755737
4, 15, 20, 581.214600
4, 16, -20, 557.935303
4, 16, -19, 558.976868
4, 16, -18, 559.901978
4, 16, -17, 559.653931
4, 16, -16, 560.956116
4, 16, -15, 560.296997
4, 16, -14, 560.598572
4, 16, -13, 558.863831
4, 16, -12, 560.994995
4, 16, -11, 560.826782
4, 16, -10, 560.889343
4, 16, -9, 560.853333
4, 16, -8, 559.093750
4, 16, -7, 560.201233
4, 16, -6, 559.654175
4, 16, -5, 557.935303
4, 16, -4, 558.976868
4, 16, -3, 559.901978
4, 16, -2, 559.653931
4, 16, -1, 560.956116
4, 16, 0, 560.296997
4, 16, 1, 560.598572
4, 16, 2, 558.863831
4, 16, 3, 560.994995
4, 16, 4, 560.826782
4, 16, 5, 560.889343
4, 16, 6, 560.853333
4, 16, 7, 559.093750
4, 16, 8, 560.201233
4, 16, 9, 559.654175
4, 16, 10, 557.935303
4, 16, 11, 558.976868
4, 16, 12, 559.901978
4, 16, 13, 559.653931
4, 16, 14, 560.956116
4, 16, 15, 560.296997
4, 16, 16, 560.598572
4, 16, 17, 558.863831
4, 16, 18, 560.994995
4, 16, 19, 560.826782
4, 16, 20, 560.889343
4, 17, -20, 591.274719
4, 17, -19, 592.589661
4, 17, -18, 592.994324
4, 17, -17, 592.152832
4, 17, -16, 592.859558
4, 17, -15, 593.567566
4, 17, -14, 594.044617
4, 17, -13, 592.963440
4, 17, -12, 594.443726
4, 17, -11, 594.485840
4, 17, -10, 594.813660
4, 17, -9, 594.594666
4, 17, -8, 592.256775
4, 17, -7, 593.440918
4, 17, -6, 593.395996
4, 17, -5, 591.274719
4, 17, -4, 592.589661
4, 17, -3, 592.994324
4, 17, -2, 592.152832
4, 17, -1, 592.859558
4, 17, 0, 593.567566
4, 17, 1, 594.044617
4, 17, 2, 592.963440
4, 17, 3, 594.443726
4, 17, 4, 594.485840
4, 17, 5, 594.813660
4, 17, 6, 594.594666
4, 17, 7, 592.256775
4, 17, 8, 593.440918
4, 17, 9, 593.395996
4, 17, 10, 591.274719
4, 17, 11, 592.589661
4, 17, 12, 592.994324
4, 17, 13, 592.152832
4, 17, 14, 592.859558
4, 17, 15, 593.567566
4, 17, 16, 594.044617
4, 17, 17, 592.963440
4, 17, 18, 594.443726
4, 17, 19, 594.485840
4, 17, 20, 594.813660
4, 18, -20, 562.286194
4, 18, -19, 562.355896
4, 18, -18, 562.151489
4, 18, -17, 562.145386
4, 18, -16, 560.624146
4, 18, -15, 562.516724
4, 18, -14, 563.616028
4, 18, -13, 562.552002
4, 18, -12, 564.461426
4, 18, -11, 564.084839
4, 18, -10, 565.061951
4, 18, -9, 564.496704
4, 18, -8, 562.634644
4, 18, -7, 563.256470
4, 18, -6, 563.607483
4, 18, -5, 562.286194
4, 18, -4, 562.355896
4, 18, -3, 562.151489
4, 18, -2, 562.145386
4, 18, -1, 560.624146
4, 18, 0, 562.516724
4, 18, 1, 563.616028
4, 18, 2, 562.552002
4, 18, 3, 564.461426
4, 18, 4, 564.084839
4, 18, 5, 565.061951
4, 18, 6, 564.496704
4, 18, 7, 562.634644
4, 18, 8, 563.256470
4, 18, 9, 563.607483
4, 18, 10, 562.286194
4, 18, 11, 562.355896
4, 18, 12, 562.151489
4, 18, 13, 562.145386
4, 18, 14, 560.624146
4, 18, 15, 562.516724
4, 18, 16, 563.616028
4, 18, 17, 562.552002
4, 18, 18, 564.461426
4, 18, 19, 564.084839
4, 18, 20, 565.061951
4, 19, -20, 548.477112
4, 19, -19, 547.627930
4, 19, -18, 547.130005
4, 19, -17, 547.630005
4, 19, -16, 545.453918
4, 19, -15, 546.890015
4, 19, -14, 547.932556
4, 19, -13, 547.549438
4, 19, -12, 548.773499
4, 19, -11, 548.604370
4, 19, -10, 549.380615
4, 19, -9, 549.354370
4, 19, -8, 548.509460
4, 19, -7, 548.446106
4, 19, -6, 548.804321
4, 19, -5, 548.477112
4, 19, -4, 547.627930
4, 19, -3, 547.130005
4, 19, -2, 547.630005
4, 19, -1, 545.453918
4, 19, 0, 546.890015
4, 19, 1, 547.932556
4, 19, 2, 547.549438
4, 19, 3, 548.773499
4, 19, 4, 548.604370
4, 19, 5, 549.380615
4, 19, 6, 549.354370
4, 19, 7, 548.509460
4, 19, 8, 548.446106
4, 19, 9, 548.804321
4, 19, 10, 548.477112
4, 19, 11, 547.627930
4, 19, 12, 547.130005
4, 19, 13, 547.630005
4, 19, 14, 545.453918
4, 19, 15, 546.890015
4, 19, 16, 547.932556
4, 19, 17, 547.549438
4, 19, 18, 548.773499
4, 19, 19, 548.604370
4, 19, 20, 549.380615
4, 20, -20, 533.342468
4, 20, -19, 533.222290
4, 20, -18, 533.088196
4, 20, -17, 533.341187
4, 20, -16, 531.369507
4, 20, -15, 533.035278
4, 20, -14, 533.145325
4, 20, -13, 531.629211
4, 20, -12, 533.905090
4, 20, -11, 533.885925
4, 20, -10, 533.818909
4, 20, -9, 534.319763
4, 20, -8, 532.847412
4, 20, -7, 533.354126
4, 20, -6, 533.185913
4, 20, -5, 533.284058
4, 20, -4, 533.180176
4, 20, -3, 533.017761
4, 20, -2, 533.336548
4, 20, -1, 531.579468
4, 20, 0, 533.122498
4, 20, 1, 533.194702
4, 20, 2, 531.608643
4, 20, 3, 533.934204
4, 20, 4, 533.959778
4, 20, 5, 533.778687
4, 20, 6, 534.380188
4, 20, 7, 532.826538
4, 20, 8, 533.285400
4, 20, 9, 533.139038
4, 20, 10, 533.277649
4, 20, 11, 533.206848
4, 20, 12, 533.033997
4, 20, 13, 533.335388
4, 20, 14, 531.586182
4, 20, 15, 533.135010
4, 20, 16, 533.200623
4, 20, 17, 531.606995
4, 20, 18, 533.957886
4, 20, 19, 533.953796
4, 20, 20, 533.774353