0, 13, -20, 586.752625
0, 13, -19, 587.049072
0, 13, -18, 587.374146
0, 13, -17, 588.337891
0, 13, -16, 588.158752
0, 13, -15, 589.052673
0, 13, -14, 585.289429
0, 13, -13, 587.125549
0, 13, -12, 588.372192
0, 13, -11, 587.610535
0, 13, -10, 588.831238
0, 13, -9, 589.459412
0, 13, -8, 589.335510
0, 13, -7, 589.097534
0, 13, -6, 588.846375
0, 13, -5, 587.552368
0, 13, -4, 588.886902
0, 13, -3, 587.450684
0, 13, -2, 588.617432
0, 13, -1, 588.742004
0, 13, 0, 586.831482
0, 13, 1, 587.058716
0, 13, 2, 587.369873
0, 13, 3, 588.380249
0, 13, 4, 588.095886
0, 13, 5, 589.008118
0, 13, 6, 585.274536
0, 13, 7, 587.073242
0, 13, 8, 588.654602
0, 13, 9, 587.618713
0, 13, 10, 588.632629
0, 13, 11, 589.116821
0, 13, 12, 589.354675
0, 13, 13, 589.059326
0, 13, 14, 588.885071
0, 13, 15, 587.651733
0, 13, 16, 589.056885
0, 13, 17, 587.517395
0, 13, 18, 588.560608
0, 13, 19, 588.299805
0, 13, 20, 587.095581
0, 14, -20, 595.217468
0, 14, -19, 595.901245
0, 14, -18, 596.264343
0, 14, -17, 597.167297
0, 14, -16, 596.859619
0, 14, -15, 597.876648
0, 14, -14, 593.771118
0, 14, -13, 595.643738
0, 14, -12, 597.122375
0, 14, -11, 596.502441
0, 14, -10, 597.560974
0, 14, -9, 598.507202
0, 14, -8, 598.245605
0, 14, -7, 597.957458
0, 14, -6, 597.623657
0, 14, -5, 596.520874
0, 14, -4, 598.108398
0, 14, -3, 596.226257
0, 14, -2, 597.133789
0, 14, -1, 597.193909
0, 14, 0, 595.218506
0, 14, 1, 595.901733
0, 14, 2, 596.269348
0, 14, 3, 597.189514
0, 14, 4, 596.879639
0, 14, 5, 597.862183
0, 14, 6, 593.753113
0, 14, 7, 595.632568
0, 14, 8, 597.222168
0, 14, 9, 596.464783
0, 14, 10, 597.508118
0, 14, 11, 598.444275
0, 14, 12, 598.275085
0, 14, 13, 597.962524
0, 14, 14, 597.610168
0, 14, 15, 596.511108
0, 14, 16, 598.083801
0, 14, 17, 596.255554
0, 14, 18, 597.099609
0, 14, 19, 597.097351
0, 14, 20, 595.326599
0, 15, -20, 591.655823
0, 15, -19, 592.211792
0, 15, -18, 592.869873
0, 15, -17, 593.800415
0, 15, -16, 593.438843
0, 15, -15, 594.373047
0, 15, -14, 590.711426
0, 15, -13, 592.276978
0, 15, -12, 593.648926
0, 15, -11, 592.973877
0, 15, -10, 593.817505
0, 15, -9, 594.548279
0, 15, -8, 594.302673
0, 15, -7, 593.823730
0, 15, -6, 593.269775
0, 15, -5, 592.349792
0, 15, -4, 594.126099
0, 15, -3, 592.324158
0, 15, -2, 593.268372
0, 15, -1, 593.546814
0, 15, 0, 591.655823
0, 15, 1, 592.211792
0, 15, 2, 592.870239
0, 15, 3, 593.801147
0, 15, 4, 593.440674
0, 15, 5, 594.373535
0, 15, 6, 590.711243
0, 15, 7, 592.275513
0, 15, 8, 593.656860
0, 15, 9, 592.970886
0, 15, 10, 593.813965
0, 15, 11, 594.543457
0, 15, 12, 594.304688
0, 15, 13, 593.824646
0, 15, 14, 593.268799
0, 15, 15, 592.349060
0, 15, 16, 594.124756
0, 15, 17, 592.325134
0, 15, 18, 593.264832
0, 15, 19, 593.541382
0, 15, 20, 591.663330
0, 16, -20, 578.919312
0, 16, -19, 579.809326
0, 16, -18, 580.127319
0, 16, -17, 581.173645
0, 16, -16, 580.718567
0, 16, -15, 581.557190
0, 16, -14, 578.195923
0, 16, -13, 579.512268
0, 16, -12, 580.790344
0, 16, -11, 580.207275
0, 16, -10, 581.236816
0, 16, -9, 581.722046
0, 16, -8, 581.883423
0, 16, -7, 581.159363
0, 16, -6, 580.404358
0, 16, -5, 579.833252
0, 16, -4, 581.406799
0, 16, -3, 579.686951
0, 16, -2, 580.800415
0, 16, -1, 580.925415
0, 16, 0, 578.914917
0, 16, 1, 579.790955
0, 16, 2, 580.130188
0, 16, 3, 581.169617
0, 16, 4, 580.704102
0, 16, 5, 581.544861
0, 16, 6, 578.180908
0, 16, 7, 579.496643
0, 16, 8, 580.783691
0, 16, 9, 580.205383
0, 16, 10, 581.234863
0, 16, 11, 581.721680
0, 16, 12, 581.881348
0, 16, 13, 581.156189
0, 16, 14, 580.404541
0, 16, 15, 579.830322
0, 16, 16, 581.397644
0, 16, 17, 579.675049
0, 16, 18, 580.796265
0, 16, 19, 580.920837
0, 16, 20, 578.914612
0, 17, -20, 576.991333
0, 17, -19, 578.252319
0, 17, -18, 578.722229
0, 17, -17, 579.897217
0, 17, -16, 579.553894
0, 17, -15, 579.902527
0, 17, -14, 577.297913
0, 17, -13, 578.427185
0, 17, -12, 579.209412
0, 17, -11, 578.446838
0, 17, -10, 578.974304
0, 17, -9, 579.958679
0, 17, -8, 580.117676
0, 17, -7, 578.937134
0, 17, -6, 577.805115
0, 17, -5, 577.340759
0, 17, -4, 579.304993
0, 17, -3, 578.444031
0, 17, -2, 579.350464
0, 17, -1, 579.729553
0, 17, 0, 578.057251
0, 17, 1, 578.670166
0, 17, 2, 578.852600
0, 17, 3, 579.613464
0, 17, 4, 578.832947
0, 17, 5, 579.166809
0, 17, 6, 576.356201
0, 17, 7, 578.231079
0, 17, 8, 579.276489
0, 17, 9, 578.777771
0, 17, 10, 579.222473
0, 17, 11, 580.127136
0, 17, 12, 580.013672
0, 17, 13, 579.010254
0, 17, 14, 578.445374
0, 17, 15, 577.907104
0, 17, 16, 579.836060
0, 17, 17, 578.328491
0, 17, 18, 579.218994
0, 17, 19, 579.311951
0, 17, 20, 577.696777
0, 18, -20, 570.309753
0, 18, -19, 571.407227
0, 18, -18, 571.666382
0, 18, -17, 572.486938
0, 18, -16, 573.241760
0, 18, -15, 573.174561
0, 18, -14, 571.242249
0, 18, -13, 572.374878
0, 18, -12, 572.518433
0, 18, -11, 571.503662
0, 18, -10, 571.760376
0, 18, -9, 572.741333
0, 18, -8, 573.143738
0, 18, -7, 572.262512
0, 18, -6, 571.303650
0, 18, -5, 570.778381
0, 18, -4, 572.102844
0, 18, -3, 571.846130
0, 18, -2, 572.363037
0, 18, -1, 573.292358
0, 18, 0, 572.138733
0, 18, 1, 572.397827
0, 18, 2, 572.594055
0, 18, 3, 572.759705
0, 18, 4, 571.710083
0, 18, 5, 571.650146
0, 18, 6, 569.956299
0, 18, 7, 571.916870
0, 18, 8, 572.409058
0, 18, 9, 572.080688
0, 18, 10, 572.023865
0, 18, 11, 572.703308
0, 18, 12, 572.530640
0, 18, 13, 571.887024
0, 18, 14, 572.339905
0, 18, 15, 571.998596
0, 18, 16, 573.458008
0, 18, 17, 572.582397
0, 18, 18, 572.717651
0, 18, 19, 572.149353
0, 18, 20, 571.158264
0, 19, -20, 564.698914
0, 19, -19, 565.128540
0, 19, -18, 566.029236
0, 19, -17, 566.535522
0, 19, -16, 568.402344
0, 19, -15, 567.680481
0, 19, -14, 566.570618
0, 19, -13, 567.577698
0, 19, -12, 566.595459
0, 19, -11, 565.540955
0, 19, -10, 565.351501
0, 19, -9, 566.672485
0, 19, -8, 566.881531
0, 19, -7, 566.024231
0, 19, -6, 565.418884
0, 19, -5, 564.377502
0, 19, -4, 565.572144
0, 19, -3, 566.007202
0, 19, -2, 565.980713
0, 19, -1, 567.968018
0, 19, 0, 567.651306
0, 19, 1, 566.865845
0, 19, 2, 567.542480
0, 19, 3, 566.755920
0, 19, 4, 565.859375
0, 19, 5, 565.312195
0, 19, 6, 565.309570
0, 19, 7, 566.706360
0, 19, 8, 566.480896
0, 19, 9, 565.899902
0, 19, 10, 565.367737
0, 19, 11, 565.860229
0, 19, 12, 565.927673
0, 19, 13, 565.612000
0, 19, 14, 567.483459
0, 19, 15, 566.880493
0, 19, 16, 567.507935
0, 19, 17, 567.502380
0, 19, 18, 566.486755
0, 19, 19, 565.997314
0, 19, 20, 565.593445
1, 13, -20, 586.801208
1, 13, -19, 586.241211
1, 13, -18, 587.108643
1, 13, -17, 586.440613
1, 13, -16, 587.266846
1, 13, -15, 586.806274
1, 13, -14, 588.151062
1, 13, -13, 586.767273
1, 13, -12, 586.158081
1, 13, -11, 587.225037
1, 13, -10, 587.825867
1, 13, -9, 587.078491
1, 13, -8, 587.204834
1, 13, -7, 587.138306
1, 13, -6, 586.569092
1, 13, -5, 586.561340
1, 13, -4, 586.652222
1, 13, -3, 588.233154
1, 13, -2, 588.363525
1, 13, -1, 587.703918
1, 13, 0, 586.831482
1, 13, 1, 586.314514
1, 13, 2, 587.179626
1, 13, 3, 586.475830
1, 13, 4, 587.255127
1, 13, 5, 586.815002
1, 13, 6, 588.098694
1, 13, 7, 586.770325
1, 13, 8, 586.161865
1, 13, 9, 587.236267
1, 13, 10, 587.838928
1, 13, 11, 587.039551
1, 13, 12, 587.130188
1, 13, 13, 587.095642
1, 13, 14, 586.568604
1, 13, 15, 586.583435
1, 13, 16, 586.801758
1, 13, 17, 588.344482
1, 13, 18, 588.386108
1, 13, 19, 587.653503
1, 13, 20, 586.651306
1, 14, -20, 595.216309
1, 14, -19, 594.992249
1, 14, -18, 596.110229
1, 14, -17, 595.205872
1, 14, -16, 596.214050
1, 14, -15, 595.724304
1, 14, -14, 597.170227
1, 14, -13, 595.917847
1, 14, -12, 595.048584
1, 14, -11, 596.247192
1, 14, -10, 596.833679
1, 14, -9, 596.371948
1, 14, -8, 596.336670
1, 14, -7, 596.349670
1, 14, -6, 595.647827
1, 14, -5, 596.011108
1, 14, -4, 595.960083
1, 14, -3, 597.403442
1, 14, -2, 597.519592
1, 14, -1, 596.493103
1, 14, 0, 595.218506
1, 14, 1, 594.995605
1, 14, 2, 596.114807
1, 14, 3, 595.208435
1, 14, 4, 596.213989
1, 14, 5, 595.724548
1, 14, 6, 597.168945
1, 14, 7, 595.917236
1, 14, 8, 595.048462
1, 14, 9, 596.257996
1, 14, 10, 596.823547
1, 14, 11, 596.370239
1, 14, 12, 596.332458
1, 14, 13, 596.347595
1, 14, 14, 595.637024
1, 14, 15, 596.030090
1, 14, 16, 595.969482
1, 14, 17, 597.408325
1, 14, 18, 597.517456
1, 14, 19, 596.492981
1, 14, 20, 595.204956
1, 15, -20, 591.655823
1, 15, -19, 591.165833
1, 15, -18, 592.265381
1, 15, -17, 591.901611
1, 15, -16, 592.667175
1, 15, -15, 592.202637
1, 15, -14, 593.847595
1, 15, -13, 592.621948
1, 15, -12, 591.799744
1, 15, -11, 593.165649
1, 15, -10, 593.731079
1, 15, -9, 592.939575
1, 15, -8, 593.065369
1, 15, -7, 593.100403
1, 15, -6, 592.539307
1, 15, -5, 592.880615
1, 15, -4, 592.322937
1, 15, -3, 593.779602
1, 15, -2, 594.323303
1, 15, -1, 593.028076
1, 15, 0, 591.655823
1, 15, 1, 591.165833
1, 15, 2, 592.265259
1, 15, 3, 591.901611
1, 15, 4, 592.667175
1, 15, 5, 592.202637
1, 15, 6, 593.847595
1, 15, 7, 592.622070
1, 15, 8, 591.799805
1, 15, 9, 593.167603
1, 15, 10, 593.729736
1, 15, 11, 592.939575
1, 15, 12, 593.065369
1, 15, 13, 593.100281
1, 15, 14, 592.537354
1, 15, 15, 592.883789
1, 15, 16, 592.325195
1, 15, 17, 593.779480
1, 15, 18, 594.322327
1, 15, 19, 593.028076
1, 15, 20, 591.652100
1, 16, -20, 578.903625
1, 16, -19, 578.354980
1, 16, -18, 579.364746
1, 16, -17, 579.446289
1, 16, -16, 580.269653
1, 16, -15, 579.871277
1, 16, -14, 581.311523
1, 16, -13, 580.311218
1, 16, -12, 579.658875
1, 16, -11, 580.919617
1, 16, -10, 581.244568
1, 16, -9, 580.591187
1, 16, -8, 580.526306
1, 16, -7, 580.512695
1, 16, -6, 579.799072
1, 16, -5, 580.069031
1, 16, -4, 579.448914
1, 16, -3, 580.915100
1, 16, -2, 581.810730
1, 16, -1, 580.343811
1, 16, 0, 578.914917
1, 16, 1, 578.347046
1, 16, 2, 579.370544
1, 16, 3, 579.468079
1, 16, 4, 580.322510
1, 16, 5, 579.934692
1, 16, 6, 581.384705
1, 16, 7, 580.312195
1, 16, 8, 579.588684
1, 16, 9, 580.866028
1, 16, 10, 581.232788
1, 16, 11, 580.570557
1, 16, 12, 580.517456
1, 16, 13, 580.518066
1, 16, 14, 579.803772
1, 16, 15, 580.069763
1, 16, 16, 579.445984
1, 16, 17, 580.911743
1, 16, 18, 581.784363
1, 16, 19, 580.341553
1, 16, 20, 578.916077
1, 17, -20, 578.016296
1, 17, -19, 577.686035
1, 17, -18, 578.380249
1, 17, -17, 578.521484
1, 17, -16, 578.373718
1, 17, -15, 578.388611
1, 17, -14, 578.860352
1, 17, -13, 579.262451
1, 17, -12, 578.606873
1, 17, -11, 580.027405
1, 17, -10, 580.027344
1, 17, -9, 580.020142
1, 17, -8, 579.563965
1, 17, -7, 579.597961
1, 17, -6, 578.742371
1, 17, -5, 578.574890
1, 17, -4, 578.157776
1, 17, -3, 579.667419
1, 17, -2, 580.520264
1, 17, -1, 579.194763
1, 17, 0, 578.057251
1, 17, 1, 577.482361
1, 17, 2, 578.461792
1, 17, 3, 578.113647
1, 17, 4, 579.124756
1, 17, 5, 578.398315
1, 17, 6, 580.308044
1, 17, 7, 579.347839
1, 17, 8, 578.710571
1, 17, 9, 579.707703
1, 17, 10, 579.858582
1, 17, 11, 579.621765
1, 17, 12, 579.422119
1, 17, 13, 579.436035
1, 17, 14, 578.540771
1, 17, 15, 578.676208
1, 17, 16, 578.057678
1, 17, 17, 579.765259
1, 17, 18, 580.627502
1, 17, 19, 579.762695
1, 17, 20, 578.398071
1, 18, -20, 572.768433
1, 18, -19, 573.011963
1, 18, -18, 573.239807
1, 18, -17, 572.860901
1, 18, -16, 572.240173
1, 18, -15, 572.130066
1, 18, -14, 572.066101
1, 18, -13, 573.778320
1, 18, -12, 573.300415
1, 18, -11, 574.357239
1, 18, -10, 574.102356
1, 18, -9, 574.734985
1, 18, -8, 573.980286
1, 18, -7, 574.277466
1, 18, -6, 573.443359
1, 18, -5, 572.784790
1, 18, -4, 573.212280
1, 18, -3, 574.003418
1, 18, -2, 574.101990
1, 18, -1, 573.019226
1, 18, 0, 572.138733
1, 18, 1, 571.821716
1, 18, 2, 573.397400
1, 18, 3, 572.784973
1, 18, 4, 573.795105
1, 18, 5, 573.051697
1, 18, 6, 574.619629
1, 18, 7, 573.907349
1, 18, 8, 573.723267
1, 18, 9, 574.092407
1, 18, 10, 573.694580
1, 18, 11, 574.238220
1, 18, 12, 573.718384
1, 18, 13, 573.501648
1, 18, 14, 572.467468
1, 18, 15, 572.220093
1, 18, 16, 572.116150
1, 18, 17, 574.223267
1, 18, 18, 574.565125
1, 18, 19, 574.349243
1, 18, 20, 573.408325
1, 19, -20, 569.517883
1, 19, -19, 570.023254
1, 19, -18, 569.751282
1, 19, -17, 569.073242
1, 19, -16, 568.115051
1, 19, -15, 567.316406
1, 19, -14, 567.325195
1, 19, -13, 569.795837
1, 19, -12, 569.072021
1, 19, -11, 569.843323
1, 19, -10, 569.713745
1, 19, -9, 570.520081
1, 19, -8, 569.891235
1, 19, -7, 570.808533
1, 19, -6, 569.988403
1, 19, -5, 569.114258
1, 19, -4, 569.707581
1, 19, -3, 569.891174
1, 19, -2, 569.495056
1, 19, -1, 568.845703
1, 19, 0, 567.651306
1, 19, 1, 567.869751
1, 19, 2, 569.959229
1, 19, 3, 569.204163
1, 19, 4, 569.722412
1, 19, 5, 569.101868
1, 19, 6, 570.536804
1, 19, 7, 570.008362
1, 19, 8, 570.081665
1, 19, 9, 570.080444
1, 19, 10, 569.366699
1, 19, 11, 570.084839
1, 19, 12, 569.524719
1, 19, 13, 569.293884
1, 19, 14, 568.420105
1, 19, 15, 567.604431
1, 19, 16, 567.750793
1, 19, 17, 570.231812
1, 19, 18, 570.230286
1, 19, 19, 570.372253
1, 19, 20, 569.778625
2, 13, -20, 585.927429
2, 13, -19, 586.352783
2, 13, -18, 586.301880
2, 13, -17, 587.268921
2, 13, -16, 587.281677
2, 13, -15, 587.066223
2, 13, -14, 587.309814
2, 13, -13, 587.230164
2, 13, -12, 586.996643
2, 13, -11, 587.079163
2, 13, -10, 587.468018
2, 13, -9, 587.321472
2, 13, -8, 587.467773
2, 13, -7, 587.390381
2, 13, -6, 587.459778
2, 13, -5, 587.623779
2, 13, -4, 587.292419
2, 13, -3, 587.408813
2, 13, -2, 587.211365
2, 13, -1, 586.627930
2, 13, 0, 586.831482
2, 13, 1, 586.323242
2, 13, 2, 585.016602
2, 13, 3, 585.595398
2, 13, 4, 587.591064
2, 13, 5, 587.168335
2, 13, 6, 587.093140
2, 13, 7, 587.447266
2, 13, 8, 587.257202
2, 13, 9, 587.130859
2, 13, 10, 585.927429
2, 13, 11, 586.352783
2, 13, 12, 586.301880
2, 13, 13, 587.268921
2, 13, 14, 587.281677
2, 13, 15, 587.066223
2, 13, 16, 587.309814
2, 13, 17, 587.230164
2, 13, 18, 586.996643
2, 13, 19, 587.079163
2, 13, 20, 587.468018
2, 14, -20, 593.984009
2, 14, -19, 594.711853
2, 14, -18, 594.490662
2, 14, -17, 595.422363
2, 14, -16, 595.419800
2, 14, -15, 595.253784
2, 14, -14, 595.708191
2, 14, -13, 595.510620
2, 14, -12, 595.213135
2, 14, -11, 595.269531
2, 14, -10, 595.635742
2, 14, -9, 595.499634
2, 14, -8, 595.554199
2, 14, -7, 595.620544
2, 14, -6, 595.658325
2, 14, -5, 595.765686
2, 14, -4, 595.441833
2, 14, -3, 595.675049
2, 14, -2, 595.355042
2, 14, -1, 594.772827
2, 14, 0, 595.218506
2, 14, 1, 594.396179
2, 14, 2, 593.273071
2, 14, 3, 594.086548
2, 14, 4, 595.806091
2, 14, 5, 595.283020
2, 14, 6, 595.268005
2, 14, 7, 595.529175
2, 14, 8, 595.468689
2, 14, 9, 595.208862
2, 14, 10, 593.984009
2, 14, 11, 594.711853
2, 14, 12, 594.490662
2, 14, 13, 595.422363
2, 14, 14, 595.419800
2, 14, 15, 595.253784
2, 14, 16, 595.708191
2, 14, 17, 595.510620
2, 14, 18, 595.213135
2, 14, 19, 595.269531
2, 14, 20, 595.635742
2, 15, -20, 590.490356
2, 15, -19, 591.125366
2, 15, -18, 591.033875
2, 15, -17, 591.833252
2, 15, -16, 591.847412
2, 15, -15, 591.585510
2, 15, -14, 592.127258
2, 15, -13, 591.868958
2, 15, -12, 591.613586
2, 15, -11, 591.651001
2, 15, -10, 592.033875
2, 15, -9, 591.891113
2, 15, -8, 591.957275
2, 15, -7, 592.076355
2, 15, -6, 592.054077
2, 15, -5, 592.085938
2, 15, -4, 591.853333
2, 15, -3, 592.104858
2, 15, -2, 591.871887
2, 15, -1, 591.339172
2, 15, 0, 591.655823
2, 15, 1, 590.852722
2, 15, 2, 589.718628
2, 15, 3, 590.606689
2, 15, 4, 592.223328
2, 15, 5, 591.713623
2, 15, 6, 591.587036
2, 15, 7, 591.930908
2, 15, 8, 591.884033
2, 15, 9, 591.646423
2, 15, 10, 590.490356
2, 15, 11, 591.125366
2, 15, 12, 591.033875
2, 15, 13, 591.833252
2, 15, 14, 591.847412
2, 15, 15, 591.585510
2, 15, 16, 592.127258
2, 15, 17, 591.868958
2, 15, 18, 591.613586
2, 15, 19, 591.651001
2, 15, 20, 592.033875
2, 16, -20, 577.522522
2, 16, -19, 578.217285
2, 16, -18, 578.097046
2, 16, -17, 578.868652
2, 16, -16, 578.877930
2, 16, -15, 578.632996
2, 16, -14, 579.152100
2, 16, -13, 578.858704
2, 16, -12, 578.630371
2, 16, -11, 578.670471
2, 16, -10, 579.045227
2, 16, -9, 578.926819
2, 16, -8, 578.956055
2, 16, -7, 579.103333
2, 16, -6, 579.082275
2, 16, -5, 579.104736
2, 16, -4, 578.880798
2, 16, -3, 579.108276
2, 16, -2, 578.882324
2, 16, -1, 578.163330
2, 16, 0, 578.914917
2, 16, 1, 577.783081
2, 16, 2, 576.924438
2, 16, 3, 577.844543
2, 16, 4, 579.247681
2, 16, 5, 578.724915
2, 16, 6, 578.575012
2, 16, 7, 578.932190
2, 16, 8, 578.886475
2, 16, 9, 578.609680
2, 16, 10, 577.522522
2, 16, 11, 578.217285
2, 16, 12, 578.097046
2, 16, 13, 578.868652
2, 16, 14, 578.877930
2, 16, 15, 578.632996
2, 16, 16, 579.152100
2, 16, 17, 578.858704
2, 16, 18, 578.630371
2, 16, 19, 578.670471
2, 16, 20, 579.045227
2, 17, -20, 577.102173
2, 17, -19, 577.558716
2, 17, -18, 577.477783
2, 17, -17, 578.104065
2, 17, -16, 578.280151
2, 17, -15, 578.048950
2, 17, -14, 578.424927
2, 17, -13, 578.203979
2, 17, -12, 577.956177
2, 17, -11, 578.062988
2, 17, -10, 578.423706
2, 17, -9, 578.354126
2, 17, -8, 578.329834
2, 17, -7, 578.303589
2, 17, -6, 578.338074
2, 17, -5, 578.180298
2, 17, -4, 578.132080
2, 17, -3, 578.369385
2, 17, -2, 578.245728
2, 17, -1, 577.706177
2, 17, 0, 578.057251
2, 17, 1, 577.362427
2, 17, 2, 576.259155
2, 17, 3, 577.110474
2, 17, 4, 578.502197
2, 17, 5, 578.116760
2, 17, 6, 577.921875
2, 17, 7, 578.327209
2, 17, 8, 578.252319
2, 17, 9, 578.010925
2, 17, 10, 577.102173
2, 17, 11, 577.558716
2, 17, 12, 577.477783
2, 17, 13, 578.104065
2, 17, 14, 578.280151
2, 17, 15, 578.048950
2, 17, 16, 578.424927
2, 17, 17, 578.203979
2, 17, 18, 577.956177
2, 17, 19, 578.062988
2, 17, 20, 578.423706
2, 18, -20, 571.539551
2, 18, -19, 571.753723
2, 18, -18, 571.672302
2, 18, -17, 572.315857
2, 18, -16, 572.561096
2, 18, -15, 572.490356
2, 18, -14, 572.609009
2, 18, -13, 572.348877
2, 18, -12, 572.398560
2, 18, -11, 572.371460
2, 18, -10, 572.711792
2, 18, -9, 572.668823
2, 18, -8, 572.555420
2, 18, -7, 572.283936
2, 18, -6, 572.414978
2, 18, -5, 571.778870
2, 18, -4, 572.045654
2, 18, -3, 572.390503
2, 18, -2, 572.416992
2, 18, -1, 572.023254
2, 18, 0, 572.138733
2, 18, 1, 571.904114
2, 18, 2, 571.069641
2, 18, 3, 571.698730
2, 18, 4, 572.630188
2, 18, 5, 572.383362
2, 18, 6, 572.244873
2, 18, 7, 572.719727
2, 18, 8, 572.466248
2, 18, 9, 572.354370
2, 18, 10, 571.539551
2, 18, 11, 571.753723
2, 18, 12, 571.672302
2, 18, 13, 572.315857
2, 18, 14, 572.561096
2, 18, 15, 572.490356
2, 18, 16, 572.609009
2, 18, 17, 572.348877
2, 18, 18, 572.398560
2, 18, 19, 572.371460
2, 18, 20, 572.711792
2, 19, -20, 567.763611
2, 19, -19, 567.433472
2, 19, -18, 567.561096
2, 19, -17, 567.805542
2, 19, -16, 568.158936
2, 19, -15, 568.144470
2, 19, -14, 568.173645
2, 19, -13, 567.791443
2, 19, -12, 568.248962
2, 19, -11, 568.043396
2, 19, -10, 568.391968
2, 19, -9, 568.266907
2, 19, -8, 568.213440
2, 19, -7, 567.784363
2, 19, -6, 567.913452
2, 19, -5, 567.213928
2, 19, -4, 567.589111
2, 19, -3, 568.025513
2, 19, -2, 567.952698
2, 19, -1, 567.808899
2, 19, 0, 567.651306
2, 19, 1, 567.832336
2, 19, 2, 567.163086
2, 19, 3, 567.573792
2, 19, 4, 568.165161
2, 19, 5, 568.112549
2, 19, 6, 567.935791
2, 19, 7, 568.547180
2, 19, 8, 568.260437
2, 19, 9, 568.248230
2, 19, 10, 567.763611
2, 19, 11, 567.433472
2, 19, 12, 567.561096
2, 19, 13, 567.805542
2, 19, 14, 568.158936
2, 19, 15, 568.144470
2, 19, 16, 568.173645
2, 19, 17, 567.791443
2, 19, 18, 568.248962
2, 19, 19, 568.043396
2, 19, 20, 568.391968
3, 13, -20, 587.491150
3, 13, -19, 587.466797
3, 13, -18, 588.203125
3, 13, -17, 588.130554
3, 13, -16, 587.827332
3, 13, -15, 586.831482
3, 13, -14, 586.765564
3, 13, -13, 588.098083
3, 13, -12, 587.838501
3, 13, -11, 587.171936
3, 13, -10, 587.629150
3, 13, -9, 587.289062
3, 13, -8, 586.829895
3, 13, -7, 587.463562
3, 13, -6, 587.849731
3, 13, -5, 587.491150
3, 13, -4, 587.466797
3, 13, -3, 588.203125
3, 13, -2, 588.130554
3, 13, -1, 587.827332
3, 13, 0, 586.831482
3, 13, 1, 586.765564
3, 13, 2, 588.098083
3, 13, 3, 587.838501
3, 13, 4, 587.171936
3, 13, 5, 587.629150
3, 13, 6, 587.289062
3, 13, 7, 586.829895
3, 13, 8, 587.463562
3, 13, 9, 587.849731
3, 13, 10, 587.491150
3, 13, 11, 587.466797
3, 13, 12, 588.203125
3, 13, 13, 588.130554
3, 13, 14, 587.827332
3, 13, 15, 586.831482
3, 13, 16, 586.765564
3, 13, 17, 588.098083
3, 13, 18, 587.838501
3, 13, 19, 587.171936
3, 13, 20, 587.629150
3, 14, -20, 596.153442
3, 14, -19, 596.071228
3, 14, -18, 596.861267
3, 14, -17, 596.839478
3, 14, -16, 596.535278
3, 14, -15, 595.218506
3, 14, -14, 595.120117
3, 14, -13, 596.750427
3, 14, -12, 596.355286
3, 14, -11, 595.893494
3, 14, -10, 596.363037
3, 14, -9, 596.046509
3, 14, -8, 595.658997
3, 14, -7, 596.197083
3, 14, -6, 596.716980
3, 14, -5, 596.153442
3, 14, -4, 596.071228
3, 14, -3, 596.861267
3, 14, -2, 596.839478
3, 14, -1, 596.535278
3, 14, 0, 595.218506
3, 14, 1, 595.120117
3, 14, 2, 596.750427
3, 14, 3, 596.355286
3, 14, 4, 595.893494
3, 14, 5, 596.363037
3, 14, 6, 596.046509
3, 14, 7, 595.658997
3, 14, 8, 596.197083
3, 14, 9, 596.716980
3, 14, 10, 596.153442
3, 14, 11, 596.071228
3, 14, 12, 596.861267
3, 14, 13, 596.839478
3, 14, 14, 596.535278
3, 14, 15, 595.218506
3, 14, 16, 595.120117
3, 14, 17, 596.750427
3, 14, 18, 596.355286
3, 14, 19, 595.893494
3, 14, 20, 596.363037
3, 15, -20, 592.505981
3, 15, -19, 592.486267
3, 15, -18, 593.154541
3, 15, -17, 593.073547
3, 15, -16, 592.787781
3, 15, -15, 591.655823
3, 15, -14, 591.521179
3, 15, -13, 593.165466
3, 15, -12, 592.799255
3, 15, -11, 592.271057
3, 15, -10, 592.695374
3, 15, -9, 592.433105
3, 15, -8, 591.942871
3, 15, -7, 592.536682
3, 15, -6, 593.079163
3, 15, -5, 592.505981
3, 15, -4, 592.486267
3, 15, -3, 593.154541
3, 15, -2, 593.073547
3, 15, -1, 592.787781
3, 15, 0, 591.655823
3, 15, 1, 591.521179
3, 15, 2, 593.165466
3, 15, 3, 592.799255
3, 15, 4, 592.271057
3, 15, 5, 592.695374
3, 15, 6, 592.433105
3, 15, 7, 591.942871
3, 15, 8, 592.536682
3, 15, 9, 593.079163
3, 15, 10, 592.505981
3, 15, 11, 592.486267
3, 15, 12, 593.154541
3, 15, 13, 593.073547
3, 15, 14, 592.787781
3, 15, 15, 591.655823
3, 15, 16, 591.521179
3, 15, 17, 593.165466
3, 15, 18, 592.799255
3, 15, 19, 592.271057
3, 15, 20, 592.695374
3, 16, -20, 579.647827
3, 16, -19, 579.707642
3, 16, -18, 580.397888
3, 16, -17, 580.256531
3, 16, -16, 579.853027
3, 16, -15, 578.914917
3, 16, -14, 578.882141
3, 16, -13, 580.332336
3, 16, -12, 580.105164
3, 16, -11, 579.588562
3, 16, -10, 580.006592
3, 16, -9, 579.773926
3, 16, -8, 579.137817
3, 16, -7, 579.798462
3, 16, -6, 580.147522
3, 16, -5, 579.647827
3, 16, -4, 579.707642
3, 16, -3, 580.397888
3, 16, -2, 580.256531
3, 16, -1, 579.853027
3, 16, 0, 578.914917
3, 16, 1, 578.882141
3, 16, 2, 580.332336
3, 16, 3, 580.105164
3, 16, 4, 579.588562
3, 16, 5, 580.006592
3, 16, 6, 579.773926
3, 16, 7, 579.137817
3, 16, 8, 579.798462
3, 16, 9, 580.147522
3, 16, 10, 579.647827
3, 16, 11, 579.707642
3, 16, 12, 580.397888
3, 16, 13, 580.256531
3, 16, 14, 579.853027
3, 16, 15, 578.914917
3, 16, 16, 578.882141
3, 16, 17, 580.332336
3, 16, 18, 580.105164
3, 16, 19, 579.588562
3, 16, 20, 580.006592
3, 17, -20, 578.535034
3, 17, -19, 578.870300
3, 17, -18, 579.437622
3, 17, -17, 579.277344
3, 17, -16, 578.909241
3, 17, -15, 578.057251
3, 17, -14, 578.106201
3, 17, -13, 579.372803
3, 17, -12, 579.228760
3, 17, -11, 578.633972
3, 17, -10, 579.066956
3, 17, -9, 578.837036
3, 17, -8, 578.017273
3, 17, -7, 578.854004
3, 17, -6, 579.279907
3, 17, -5, 578.535034
3, 17, -4, 578.870300
3, 17, -3, 579.437622
3, 17, -2, 579.277344
3, 17, -1, 578.909241
3, 17, 0, 578.057251
3, 17, 1, 578.106201
3, 17, 2, 579.372803
3, 17, 3, 579.228760
3, 17, 4, 578.633972
3, 17, 5, 579.066956
3, 17, 6, 578.837036
3, 17, 7, 578.017273
3, 17, 8, 578.854004
3, 17, 9, 579.279907
3, 17, 10, 578.535034
3, 17, 11, 578.870300
3, 17, 12, 579.437622
3, 17, 13, 579.277344
3, 17, 14, 578.909241
3, 17, 15, 578.057251
3, 17, 16, 578.106201
3, 17, 17, 579.372803
3, 17, 18, 579.228760
3, 17, 19, 578.633972
3, 17, 20, 579.066956
3, 18, -20, 572.473022
3, 18, -19, 572.982910
3, 18, -18, 573.205261
3, 18, -17, 572.957947
3, 18, -16, 572.891846
3, 18, -15, 572.138733
3, 18, -14, 572.410339
3, 18, -13, 572.975586
3, 18, -12, 573.132385
3, 18, -11, 572.558838
3, 18, -10, 572.918884
3, 18, -9, 572.875244
3, 18, -8, 571.964783
3, 18, -7, 572.964111
3, 18, -6, 573.234558
3, 18, -5, 572.473022
3, 18, -4, 572.982910
3, 18, -3, 573.205261
3, 18, -2, 572.957947
3, 18, -1, 572.891846
3, 18, 0, 572.138733
3, 18, 1, 572.410339
3, 18, 2, 572.975586
3, 18, 3, 573.132385
3, 18, 4, 572.558838
3, 18, 5, 572.918884
3, 18, 6, 572.875244
3, 18, 7, 571.964783
3, 18, 8, 572.964111
3, 18, 9, 573.234558
3, 18, 10, 572.473022
3, 18, 11, 572.982910
3, 18, 12, 573.205261
3, 18, 13, 572.957947
3, 18, 14, 572.891846
3, 18, 15, 572.138733
3, 18, 16, 572.410339
3, 18, 17, 572.975586
3, 18, 18, 573.132385
3, 18, 19, 572.558838
3, 18, 20, 572.918884
3, 19, -20, 567.738159
3, 19, -19, 568.366638
3, 19, -18, 568.211060
3, 19, -17, 567.942627
3, 19, -16, 568.342712
3, 19, -15, 567.651306
3, 19, -14, 568.002441
3, 19, -13, 568.072998
3, 19, -12, 568.448608
3, 19, -11, 567.814758
3, 19, -10, 567.919312
3, 19, -9, 568.218994
3, 19, -8, 567.289062
3, 19, -7, 568.441467
3, 19, -6, 568.572266
3, 19, -5, 567.738159
3, 19, -4, 568.366638
3, 19, -3, 568.211060
3, 19, -2, 567.942627
3, 19, -1, 568.342712
3, 19, 0, 567.651306
3, 19, 1, 568.002441
3, 19, 2, 568.072998
3, 19, 3, 568.448608
3, 19, 4, 567.814758
3, 19, 5, 567.919312
3, 19, 6, 568.218994
3, 19, 7, 567.289062
3, 19, 8, 568.441467
3, 19, 9, 568.572266
3, 19, 10, 567.738159
3, 19, 11, 568.366638
3, 19, 12, 568.211060
3, 19, 13, 567.942627
3, 19, 14, 568.342712
3, 19, 15, 567.651306
3, 19, 16, 568.002441
3, 19, 17, 568.072998
3, 19, 18, 568.448608
3, 19, 19, 567.814758
3, 19, 20, 567.919312
4, 13, -20, 585.452759
4, 13, -19, 586.407104
4, 13, -18, 587.083252
4, 13, -17, 586.924500
4, 13, -16, 587.513550
4, 13, -15, 586.831482
4, 13, -14, 586.838074
4, 13, -13, 585.073425
4, 13, -12, 587.472656
4, 13, -11, 587.151489
4, 13, -10, 587.518250
4, 13, -9, 587.426697
4, 13, -8, 585.945557
4, 13, -7, 586.653320
4, 13, -6, 586.345215
4, 13, -5, 585.452759
4, 13, -4, 586.407104
4, 13, -3, 587.083252
4, 13, -2, 586.924500
4, 13, -1, 587.513550
4, 13, 0, 586.831482
4, 13, 1, 586.838074
4, 13, 2, 585.073425
4, 13, 3, 587.472656
4, 13, 4, 587.151489
4, 13, 5, 587.518250
4, 13, 6, 587.426697
4, 13, 7, 585.945557
4, 13, 8, 586.653320
4, 13, 9, 586.345215
4, 13, 10, 585.452759
4, 13, 11, 586.407104
4, 13, 12, 587.083252
4, 13, 13, 586.924500
4, 13, 14, 587.513550
4, 13, 15, 586.831482
4, 13, 16, 586.838074
4, 13, 17, 585.073425
4, 13, 18, 587.472656
4, 13, 19, 587.151489
4, 13, 20, 587.518250
4, 14, -20, 593.365173
4, 14, -19, 594.643311
4, 14, -18, 595.446228
4, 14, -17, 595.049744
4, 14, -16, 595.959229
4, 14, -15, 595.218506
4, 14, -14, 595.106567
4, 14, -13, 593.394043
4, 14, -12, 595.735718
4, 14, -11, 595.581665
4, 14, -10, 595.917725
4, 14, -9, 595.676880
4, 14, -8, 593.597351
4, 14, -7, 594.905090
4, 14, -6, 594.511658
4, 14, -5, 593.365173
4, 14, -4, 594.643311
4, 14, -3, 595.446228
4, 14, -2, 595.049744
4, 14, -1, 595.959229
4, 14, 0, 595.218506
4, 14, 1, 595.106567
4, 14, 2, 593.394043
4, 14, 3, 595.735718
4, 14, 4, 595.581665
4, 14, 5, 595.917725
4, 14, 6, 595.676880
4, 14, 7, 593.597351
4, 14, 8, 594.905090
4, 14, 9, 594.511658
4, 14, 10, 593.365173
4, 14, 11, 594.643311
4, 14, 12, 595.446228
4, 14, 13, 595.049744
4, 14, 14, 595.959229
4, 14, 15, 595.218506
4, 14, 16, 595.106567
4, 14, 17, 593.394043
4, 14, 18, 595.735718
4, 14, 19, 595.581665
4, 14, 20, 595.917725
4, 15, -20, 590.295532
4, 15, -19, 591.246216
4, 15, -18, 591.821960
4, 15, -17, 591.436584
4, 15, -16, 592.250061
4, 15, -15, 591.655823
4, 15, -14, 591.483582
4, 15, -13, 589.844788
4, 15, -12, 592.229248
4, 15, -11, 592.090088
4, 15, -10, 592.474304
4, 15, -9, 592.248535
4, 15, -8, 590.038513
4, 15, -7, 591.493896
4, 15, -6, 591.186218
4, 15, -5, 590.295532
4, 15, -4, 591.246216
4, 15, -3, 591.821960
4, 15, -2, 591.436584
4, 15, -1, 592.250061
4, 15, 0, 591.655823
4, 15, 1, 591.483582
4, 15, 2, 589.844788
4, 15, 3, 592.229248
4, 15, 4, 592.090088
4, 15, 5, 592.474304
4, 15, 6, 592.248535
4, 15, 7, 590.038513
4, 15, 8, 591.493896
4, 15, 9, 591.186218
4, 15, 10, 590.295532
4, 15, 11, 591.246216
4, 15, 12, 591.821960
4, 15, 13, 591.436584
4, 15, 14, 592.250061
4, 15, 15, 591.655823
4, 15, 16, 591.483582
4, 15, 17, 589.844788
4, 15, 18, 592.229248
4, 15, 19, 592.090088
4, 15, 20, 592.474304
4, 16, -20, 577.242004
4, 16, -19, 578.125183
4, 16, -18, 578.728577
4, 16, -17, 578.444946
4, 16, -16, 579.428711
4, 16, -15, 578.914917
4, 16, -14, 578.798889
4, 16, -13, 577.166016
4, 16, -12, 579.417114
4, 16, -11, 579.258423
4, 16, -10, 579.528870
4, 16, -9, 579.371338
4, 16, -8, 577.358643
4, 16, -7, 578.663391
4, 16, -6, 578.337585
4, 16, -5, 577.242004
4, 16, -4, 578.125183
4, 16, -3, 578.728577
4, 16, -2, 578.444946
4, 16, -1, 579.428711
4, 16, 0, 578.914917
4, 16, 1, 578.798889
4, 16, 2, 577.166016
4, 16, 3, 579.417114
4, 16, 4, 579.258423
4, 16, 5, 579.528870
4, 16, 6, 579.371338
4, 16, 7, 577.358643
4, 16, 8, 578.663391
4, 16, 9, 578.337585
4, 16, 10, 577.242004
4, 16, 11, 578.125183
4, 16, 12, 578.728577
4, 16, 13, 578.444946
4, 16, 14, 579.428711
4, 16, 15, 578.914917
4, 16, 16, 578.798889
4, 16, 17, 577.166016
4, 16, 18, 579.417114
4, 16, 19, 579.258423
4, 16, 20, 579.528870
4, 17, -20, 576.313049
4, 17, -19, 577.249146
4, 17, -18, 577.770691
4, 17, -17, 577.314026
4, 17, -16, 578.189209
4, 17, -15, 578.057251
4, 17, -14, 578.262268
4, 17, -13, 576.760864
4, 17, -12, 578.800171
4, 17, -11, 578.704224
4, 17, -10, 578.984314
4, 17, -9, 578.844971
4, 17, -8, 576.796692
4, 17, -7, 577.988831
4, 17, -6, 577.742371
4, 17, -5, 576.313049
4, 17, -4, 577.249146
4, 17, -3, 577.770691
4, 17, -2, 577.314026
4, 17, -1, 578.189209
4, 17, 0, 578.057251
4, 17, 1, 578.262268
4, 17, 2, 576.760864
4, 17, 3, 578.800171
4, 17, 4, 578.704224
4, 17, 5, 578.984314
4, 17, 6, 578.844971
4, 17, 7, 576.796692
4, 17, 8, 577.988831
4, 17, 9, 577.742371
4, 17, 10, 576.313049
4, 17, 11, 577.249146
4, 17, 12, 577.770691
4, 17, 13, 577.314026
4, 17, 14, 578.189209
4, 17, 15, 578.057251
4, 17, 16, 578.262268
4, 17, 17, 576.760864
4, 17, 18, 578.800171
4, 17, 19, 578.704224
4, 17, 20, 578.984314
4, 18, -20, 570.510986
4, 18, -19, 571.317566
4, 18, -18, 571.692993
4, 18, -17, 571.327209
4, 18, -16, 571.491211
4, 18, -15, 572.138733
4, 18, -14, 572.764709
4, 18, -13, 571.470825
4, 18, -12, 573.312256
4, 18, -11, 573.145813
4, 18, -10, 573.599915
4, 18, -9, 573.327026
4, 18, -8, 571.339722
4, 18, -7, 572.311707
4, 18, -6, 572.232422
4, 18, -5, 570.510986
4, 18, -4, 571.317566
4, 18, -3, 571.692993
4, 18, -2, 571.327209
4, 18, -1, 571.491211
4, 18, 0, 572.138733
4, 18, 1, 572.764709
4, 18, 2, 571.470825
4, 18, 3, 573.312256
4, 18, 4, 573.145813
4, 18, 5, 573.599915
4, 18, 6, 573.327026
4, 18, 7, 571.339722
4, 18, 8, 572.311707
4, 18, 9, 572.232422
4, 18, 10, 570.510986
4, 18, 11, 571.317566
4, 18, 12, 571.692993
4, 18, 13, 571.327209
4, 18, 14, 571.491211
4, 18, 15, 572.138733
4, 18, 16, 572.764709
4, 18, 17, 571.470825
4, 18, 18, 573.312256
4, 18, 19, 573.145813
4, 18, 20, 573.599915
4, 19, -20, 567.341003
4, 19, -19, 567.517700
4, 19, -18, 567.417847
4, 19, -17, 567.301880
4, 19, -16, 566.302490
4, 19, -15, 567.651306
4, 19, -14, 568.528503
4, 19, -13, 567.681091
4, 19, -12, 569.222900
4, 19, -11, 569.051941
4, 19, -10, 569.745422
4, 19, -9, 569.477173
4, 19, -8, 567.794678
4, 19, -7, 568.374695
4, 19, -6, 568.593933
4, 19, -5, 567.341003
4, 19, -4, 567.517700
4, 19, -3, 567.417847
4, 19, -2, 567.301880
4, 19, -1, 566.302490
4, 19, 0, 567.651306
4, 19, 1, 568.528503
4, 19, 2, 567.681091
4, 19, 3, 569.222900
4, 19, 4, 569.051941
4, 19, 5, 569.745422
4, 19, 6, 569.477173
4, 19, 7, 567.794678
4, 19, 8, 568.374695
4, 19, 9, 568.593933
4, 19, 10, 567.341003
4, 19, 11, 567.517700
4, 19, 12, 567.417847
4, 19, 13, 567.301880
4, 19, 14, 566.302490
4, 19, 15, 567.651306
4, 19, 16, 568.528503
4, 19, 17, 567.681091
4, 19, 18, 569.222900
4, 19, 19, 569.051941
4, 19, 20, 569.745422